-1 149885248.000000 1833547264.000000 
-1 -149757360.000000 -1831604096.000000 
0 61189036.000000 35488124.000000 
0 50550448.000000 33924828.000000 
0 18284282.000000 57731060.000000 
0 -8487623.000000 82558776.000000 
0 -4703018.000000 51276316.000000 
0 -41145908.000000 51889336.000000 
0 3122604.250000 22837698.000000 
0 -20173962.000000 18867202.000000 
0 -14730777.000000 7522343.500000 
0 -17109380.000000 -2118234.000000 
0 -15317378.000000 -5026431.000000 
0 -13589450.000000 -6115996.000000 
0 -12465510.000000 -7991727.500000 
0 -11254046.000000 -10693689.000000 
0 -8795649.000000 -13706721.000000 
0 -4717144.500000 -15940347.000000 
0 707808.312500 -16389837.000000 
0 6646077.500000 -14620961.000000 
0 12137095.000000 -10747047.000000 
0 16651863.000000 -5752921.000000 
0 17602664.000000 -2449991.250000 
0 15844819.000000 7464121.500000 
0 14016345.000000 14032573.000000 
0 8391916.000000 17841176.000000 
0 8326873.500000 18737406.000000 
0 679666.125000 19481954.000000 
0 -4720465.000000 15013634.000000 
0 -9384984.000000 11892258.000000 
0 -12753777.000000 8572919.000000 
0 -15286566.000000 5015991.500000 
0 -42157280.000000 -3426033.750000 
0 -11969943.000000 -4576729.000000 
0 -19930560.000000 -11992190.000000 
0 -13116130.000000 -8919791.000000 
0 -11859473.000000 -12270961.000000 
0 -9100281.000000 -14459626.000000 
0 -5472149.500000 -15733283.000000 
0 -1234545.750000 -15998147.000000 
0 3351412.000000 -15258003.000000 
0 8021123.500000 -13755514.000000 
0 12154497.000000 -12165058.000000 
0 13979536.000000 -8979748.000000 
0 16181458.000000 -1974493.500000 
0 16101250.000000 3849478.250000 
0 15759961.000000 7083818.000000 
0 14590402.000000 10388130.000000 
0 12225403.000000 13403080.000000 
0 8747584.000000 15593661.000000 
0 6512387.000000 16448910.000000 
0 1767608.125000 16751467.000000 
0 -2402711.750000 14054232.000000 
0 -6110666.500000 12455839.000000 
0 -9776811.000000 10717985.000000 
0 -13724307.000000 10584983.000000 
0 -11000127.000000 14633067.000000 
0 -12041899.000000 2783374.000000 
0 -13363283.000000 -745104.250000 
0 -13798894.000000 -3343162.250000 
0 -13995664.000000 -6120800.000000 
0 -13287521.000000 -8544203.000000 
0 -11920136.000000 -10684056.000000 
0 -9955872.000000 -12414625.000000 
0 -7479295.500000 -13643359.000000 
0 -4593050.500000 -14304437.000000 
0 -1409838.125000 -14358186.000000 
0 1960775.500000 -13797104.000000 
0 5452083.000000 -12654867.000000 
0 9190688.000000 -11034371.000000 
0 14668368.000000 -9294572.000000 
0 83124480.000000 -17345440.000000 
0 464270.437500 -1686528.375000 
0 26910130.000000 14363421.000000 
0 11703362.000000 524374.250000 
0 14214200.000000 5866000.000000 
0 13661258.000000 8767727.000000 
0 12161148.000000 11098822.000000 
0 9989140.000000 12904844.000000 
0 7258208.500000 14102599.000000 
0 5046996.500000 14593774.000000 
0 1691356.625000 14668674.000000 
0 -1423373.125000 12768702.000000 
0 -4197097.500000 11705895.000000 
0 -6940706.500000 10323255.000000 
0 -9734133.000000 8727274.000000 
0 -13700117.000000 6510095.000000 
0 -24075744.000000 -6252559.500000 
0 -6731680.500000 -5122294.000000 
0 -13826715.000000 -2919507.500000 
0 -11666957.000000 -778641.750000 
0 -12999496.000000 -3680973.500000 
0 -13042972.000000 -5878791.500000 
0 -12448045.000000 -7784177.000000 
0 -11389030.000000 -9448016.000000 
0 -9936987.000000 -10840439.000000 
0 -8146101.500000 -11920641.000000 
0 -6071971.500000 -12652445.000000 
0 -3775033.500000 -13008631.000000 
0 -1319493.500000 -12972531.000000 
0 1230185.000000 -12538289.000000 
0 3816275.750000 -11708915.000000 
0 6401966.500000 -10488501.000000 
0 9001998.000000 -8853100.000000 
0 11721964.000000 -6638752.500000 
0 14268592.000000 -3420338.750000 
0 12632609.000000 -439291.281250 
0 12386868.000000 1289839.250000 
0 12975629.000000 2054123.750000 
0 13231246.000000 3721263.250000 
0 13230805.000000 5886417.500000 
0 12638395.000000 7890179.000000 
0 11384155.000000 9651838.000000 
0 9724895.000000 11896667.000000 
0 8134653.000000 12220614.000000 
0 5606784.000000 13121595.000000 
0 -56222032.000000 49903040.000000 
0 121569768.000000 76290216.000000 
0 254532832.000000 -314322624.000000 
0 573850432.000000 102402128.000000 
0 147767760.000000 -910315.000000 
0 152779792.000000 106203048.000000 
0 63779608.000000 27075490.000000 
0 73067104.000000 41582572.000000 
0 13811479.000000 98115336.000000 
0 -38050444.000000 117955656.000000 
0 -18530796.000000 64767652.000000 
0 -64245188.000000 48796440.000000 
0 -1155684.750000 24380954.000000 
0 -24340670.000000 17935888.000000 
0 -13484015.000000 11248663.000000 
0 -16482276.000000 2676887.250000 
0 -15065278.000000 91135.492188 
0 -13653492.000000 -1723798.000000 
0 -12718548.000000 -4510936.500000 
0 -11379805.000000 -7611027.500000 
0 -8675004.000000 -10742277.000000 
0 -4328706.500000 -12889619.000000 
0 1318336.625000 -13093487.000000 
0 7354672.000000 -10971747.000000 
0 12737143.000000 -6745635.000000 
0 16762771.000000 -1412731.250000 
0 17665264.000000 3386282.750000 
0 16094134.000000 11377699.000000 
0 13806732.000000 17400238.000000 
0 8313791.000000 20927588.000000 
0 8448410.000000 21862796.000000 
0 917625.187500 22604814.000000 
0 -4315699.000000 18324518.000000 
0 -8970173.000000 15415280.000000 
0 -12360178.000000 12346646.000000 
0 -14957806.000000 8607940.000000 
0 -26766370.000000 -5568901.000000 
0 -12746392.000000 -1603622.000000 
0 -16802828.000000 -5679000.000000 
0 -13176373.000000 -5857411.500000 
0 -11701627.000000 -9065869.000000 
0 -8886269.000000 -11261837.000000 
0 -5205038.000000 -12519267.000000 
0 -927292.687500 -12742465.000000 
0 3665710.750000 -11935313.000000 
0 8270321.500000 -10312989.000000 
0 12284205.000000 -8356088.000000 
0 14564160.000000 -4932617.000000 
0 17108972.000000 1763509.375000 
0 16162134.000000 8323123.500000 
0 15885470.000000 10629221.000000 
0 14652500.000000 13642745.000000 
0 12316334.000000 16611528.000000 
0 8905970.000000 18780558.000000 
0 6733085.500000 19670702.000000 
0 2021588.750000 19982034.000000 
0 -2117132.250000 17320358.000000 
0 -5834735.000000 15756681.000000 
0 -9608794.000000 14070981.000000 
0 -14331704.000000 14402683.000000 
0 -8395891.000000 24164188.000000 
0 -11167396.000000 5952274.000000 
0 -12550251.000000 3188771.500000 
0 -13447106.000000 192166.437500 
0 -13787575.000000 -2788255.250000 
0 -13097606.000000 -5268778.000000 
0 -11718021.000000 -7426710.500000 
0 -9736675.000000 -9166435.000000 
0 -7241567.500000 -10397740.000000 
0 -4337399.000000 -11054758.000000 
0 -1139896.500000 -11099053.000000 
0 2237137.750000 -10526261.000000 
0 5718650.000000 -9377111.000000 
0 9405460.000000 -7784087.000000 
0 14581379.000000 -6362852.000000 
0 52789780.000000 -32762352.000000 
0 2356816.500000 -1690911.375000 
0 21201420.000000 11425843.000000 
0 12308408.000000 4204606.500000 
0 14459125.000000 9226365.000000 
0 13866672.000000 12074200.000000 
0 12358950.000000 14373913.000000 
0 10194230.000000 16160056.000000 
0 7479570.500000 17344586.000000 
0 5288825.000000 17846294.000000 
0 1946470.125000 17923844.000000 
0 -1155497.875000 16033703.000000 
0 -3924563.250000 14976439.000000 
0 -6670152.000000 13591626.000000 
0 -9466111.000000 11956066.000000 
0 -13243825.000000 9521734.000000 
0 -18786358.000000 -417089.375000 
0 -8811805.000000 -485481.562500 
0 -12741695.000000 1307971.250000 
0 -11919996.000000 2032245.750000 
0 -12807514.000000 -416628.125000 
0 -12823612.000000 -2590911.000000 
0 -12226092.000000 -4503601.000000 
0 -11163470.000000 -6175481.500000 
0 -9705604.000000 -7573820.500000 
0 -7907357.000000 -8657517.000000 
0 -5825110.500000 -9390372.000000 
0 -3520075.250000 -9745388.000000 
0 -1057265.250000 -9706458.000000 
0 1498218.000000 -9268808.000000 
0 4088582.500000 -8437476.000000 
0 6679280.000000 -7220437.500000 
0 9297964.000000 -5600159.500000 
0 12116451.000000 -3394744.000000 
0 14992028.000000 316052.750000 
0 12956452.000000 4604562.000000 
0 12459945.000000 4862131.500000 
0 13160283.000000 5343017.000000 
0 13409185.000000 6954590.500000 
0 13445302.000000 9164036.000000 
0 12869267.000000 11173806.000000 
0 11760569.000000 12915150.000000 
0 11496671.000000 13745971.000000 
0 8363008.000000 15425439.000000 
0 8243315.500000 15976504.000000 
0 3896848.000000 16732237.000000 
0 449519190016.000000 504596365312.000000 
0 2904662.500000 16069831.000000 
0 89903587328.000000 89903587328.000000 
0 49.240387 -8.682411 
0 0.000000 0.000000 
