-1 0.000000 0.000000 0.000000 0.000000 
0 10.000000 0.000000 0.000000 655.870720 
1 8.660254 5.000000 -327.935360 568.000705 
2 5.000000 8.660254 -568.000705 327.935361 
3 0.000000 10.000000 -655.870720 0.000001 
4 -5.000000 8.660254 -568.000706 -327.935359 
5 -8.660254 5.000000 -327.935362 -568.000704 
6 -10.000000 0.000000 -0.000002 -655.870720 
7 -8.660254 -5.000000 327.935358 -568.000706 
8 -5.000000 -8.660254 568.000704 -327.935363 
9 -0.000000 -10.000000 655.870720 -0.000004 
10 5.000000 -8.660254 568.000707 327.935357 
11 8.660254 -5.000000 327.935364 568.000703 
12 20.000000 -0.000000 0.000003 463.770634 
13 18.793852 6.840403 -158.618895 435.801843 
14 15.320889 12.855752 -298.106014 355.268919 
15 10.000000 17.320508 -401.637148 231.885320 
16 3.472964 19.696155 -456.724915 80.532929 
17 -3.472963 19.696155 -456.724916 -80.532921 
18 -10.000000 17.320508 -401.637153 -231.885313 
19 -15.320889 12.855752 -298.106021 -355.268914 
20 -18.793852 6.840403 -158.618903 -435.801841 
21 -20.000000 0.000000 -0.000005 -463.770634 
22 -18.793852 -6.840403 158.618894 -435.801844 
23 -15.320889 -12.855752 298.106013 -355.268920 
24 -10.000000 -17.320508 401.637148 -231.885322 
25 -3.472964 -19.696155 456.724915 -80.532931 
26 3.472963 -19.696155 456.724917 80.532920 
27 10.000000 -17.320508 401.637153 231.885312 
28 15.320889 -12.855752 298.106022 355.268913 
29 18.793852 -6.840403 158.618905 435.801840 
30 30.000000 -0.000000 0.000005 378.667137 
31 28.977775 7.764571 -98.006261 365.764368 
32 25.980762 15.000000 -189.333563 327.935363 
33 21.213204 21.213203 -267.758096 267.758104 
34 15.000000 25.980762 -327.935357 189.333573 
35 7.764572 28.977775 -365.764365 98.006273 
36 0.000000 30.000000 -378.667137 0.000006 
37 -7.764571 28.977775 -365.764369 -98.006261 
38 -15.000000 25.980762 -327.935363 -189.333563 
39 -21.213203 21.213204 -267.758105 -267.758096 
40 -25.980762 15.000000 -189.333574 -327.935357 
41 -28.977775 7.764572 -98.006273 -365.764365 
42 -30.000000 0.000001 -0.000007 -378.667137 
43 -28.977775 -7.764571 98.006260 -365.764369 
44 -25.980762 -15.000000 189.333562 -327.935363 
45 -21.213204 -21.213203 267.758095 -267.758105 
46 -15.000000 -25.980762 327.935356 -189.333575 
47 -7.764572 -28.977775 365.764365 -98.006274 
48 -0.000001 -30.000000 378.667137 -0.000007 
49 7.764571 -28.977775 365.764369 98.006259 
50 14.999999 -25.980762 327.935364 189.333562 
51 21.213203 -21.213204 267.758106 267.758095 
52 25.980762 -15.000001 189.333575 327.935356 
53 28.977775 -7.764572 98.006275 365.764365 
54 40.000000 -0.000001 0.000007 327.935360 
55 39.125904 8.316467 -68.181588 320.769187 
56 36.541819 16.269465 -133.383321 299.583861 
57 32.360680 23.511409 -192.755562 265.305284 
58 26.765225 29.725792 -243.703461 219.431592 
59 20.000001 34.641016 -284.000349 163.967686 
60 12.360681 38.042260 -311.885059 101.337606 
61 4.181139 39.780876 -326.138895 34.278587 
62 -4.181138 39.780876 -326.138897 -34.278572 
63 -12.360679 38.042261 -311.885063 -101.337592 
64 -19.999999 34.641017 -284.000356 -163.967673 
65 -26.765224 29.725794 -243.703471 -219.431580 
66 -32.360679 23.511411 -192.755575 -265.305275 
67 -36.541818 16.269467 -133.383335 -299.583855 
68 -39.125904 8.316469 -68.181603 -320.769184 
69 -40.000000 0.000001 -0.000008 -327.935360 
70 -39.125904 -8.316467 68.181587 -320.769187 
71 -36.541819 -16.269465 133.383320 -299.583862 
72 -32.360680 -23.511409 192.755561 -265.305284 
73 -26.765225 -29.725792 243.703460 -219.431593 
74 -20.000001 -34.641016 284.000348 -163.967687 
75 -12.360681 -38.042260 311.885058 -101.337608 
76 -4.181140 -39.780876 326.138895 -34.278588 
77 4.181137 -39.780876 326.138897 34.278570 
78 12.360679 -38.042261 311.885064 101.337591 
79 19.999999 -34.641017 284.000357 163.967672 
80 26.765223 -29.725794 243.703472 219.431580 
81 32.360679 -23.511411 192.755576 265.305274 
82 36.541818 -16.269467 133.383336 299.583855 
83 39.125904 -8.316469 68.181604 320.769184 
84 50.000000 -0.000001 0.000008 293.314303 
85 49.240388 8.682407 -50.933486 288.858201 
86 46.984632 17.101006 -100.319392 275.625289 
87 43.301271 24.999999 -146.657144 254.017642 
88 38.302223 32.139379 -188.538793 224.691797 
89 32.139382 38.302221 -224.691786 188.538806 
90 25.000001 43.301269 -254.017633 146.657159 
91 17.101009 46.984631 -275.625283 100.319408 
92 8.682410 49.240387 -288.858198 50.933503 
93 0.000002 50.000000 -293.314303 0.000009 
94 -8.682407 49.240388 -288.858201 -50.933485 
95 -17.101006 46.984632 -275.625289 -100.319391 
96 -24.999999 43.301271 -254.017642 -146.657144 
97 -32.139379 38.302223 -224.691798 -188.538793 
98 -38.302221 32.139382 -188.538807 -224.691786 
99 -43.301269 25.000001 -146.657159 -254.017633 
100 -46.984630 17.101009 -100.319409 -275.625283 
101 -49.240387 8.682410 -50.933503 -288.858198 
102 -50.000000 0.000002 -0.000009 -293.314303 
103 -49.240388 -8.682407 50.933485 -288.858201 
104 -46.984632 -17.101006 100.319391 -275.625289 
105 -43.301271 -24.999999 146.657143 -254.017642 
106 -38.302223 -32.139379 188.538792 -224.691798 
107 -32.139382 -38.302221 224.691786 -188.538807 
108 -25.000001 -43.301269 254.017633 -146.657160 
109 -17.101009 -46.984630 275.625283 -100.319409 
110 -8.682411 -49.240387 288.858198 -50.933504 
111 -0.000002 -50.000000 293.314303 -0.000010 
112 8.682407 -49.240388 288.858201 50.933484 
113 17.101006 -46.984632 275.625289 100.319390 
114 24.999998 -43.301271 254.017643 146.657143 
115 32.139379 -38.302223 224.691798 188.538792 
116 38.302221 -32.139382 188.538808 224.691785 
117 43.301269 -25.000002 146.657160 254.017632 
118 46.984630 -17.101009 100.319410 275.625282 
119 49.240387 -8.682411 50.933504 288.858198 
-1 0.000000 0.000000 5.000000 76.000000 
0 10.000000 0.000000 5.000000 731.870720 
1 8.660254 5.000000 -322.935360 644.000705 
2 5.000000 8.660254 -563.000705 403.935361 
3 0.000000 10.000000 -650.870720 76.000001 
4 -5.000000 8.660254 -563.000706 -251.935359 
5 -8.660254 5.000000 -322.935362 -492.000704 
6 -10.000000 0.000000 4.999998 -579.870720 
7 -8.660254 -5.000000 332.935358 -492.000706 
8 -5.000000 -8.660254 573.000704 -251.935363 
9 -0.000000 -10.000000 660.870720 75.999996 
10 5.000000 -8.660254 573.000707 403.935357 
11 8.660254 -5.000000 332.935364 644.000703 
12 20.000000 -0.000000 5.000003 539.770634 
13 18.793852 6.840403 -153.618895 511.801843 
14 15.320889 12.855752 -293.106014 431.268919 
15 10.000000 17.320508 -396.637148 307.885320 
16 3.472964 19.696155 -451.724915 156.532929 
17 -3.472963 19.696155 -451.724916 -4.532921 
18 -10.000000 17.320508 -396.637153 -155.885313 
19 -15.320889 12.855752 -293.106021 -279.268914 
20 -18.793852 6.840403 -153.618903 -359.801841 
21 -20.000000 0.000000 4.999995 -387.770634 
22 -18.793852 -6.840403 163.618894 -359.801844 
23 -15.320889 -12.855752 303.106013 -279.268920 
24 -10.000000 -17.320508 406.637148 -155.885322 
25 -3.472964 -19.696155 461.724915 -4.532931 
26 3.472963 -19.696155 461.724917 156.532920 
27 10.000000 -17.320508 406.637153 307.885312 
28 15.320889 -12.855752 303.106022 431.268913 
29 18.793852 -6.840403 163.618905 511.801840 
30 30.000000 -0.000000 5.000005 454.667137 
31 28.977775 7.764571 -93.006261 441.764368 
32 25.980762 15.000000 -184.333563 403.935363 
33 21.213204 21.213203 -262.758096 343.758104 
34 15.000000 25.980762 -322.935357 265.333573 
35 7.764572 28.977775 -360.764365 174.006273 
36 0.000000 30.000000 -373.667137 76.000006 
37 -7.764571 28.977775 -360.764369 -22.006261 
38 -15.000000 25.980762 -322.935363 -113.333563 
39 -21.213203 21.213204 -262.758105 -191.758096 
40 -25.980762 15.000000 -184.333574 -251.935357 
41 -28.977775 7.764572 -93.006273 -289.764365 
42 -30.000000 0.000001 4.999993 -302.667137 
43 -28.977775 -7.764571 103.006260 -289.764369 
44 -25.980762 -15.000000 194.333562 -251.935363 
45 -21.213204 -21.213203 272.758095 -191.758105 
46 -15.000000 -25.980762 332.935356 -113.333575 
47 -7.764572 -28.977775 370.764365 -22.006274 
48 -0.000001 -30.000000 383.667137 75.999993 
49 7.764571 -28.977775 370.764369 174.006259 
50 14.999999 -25.980762 332.935364 265.333562 
51 21.213203 -21.213204 272.758106 343.758095 
52 25.980762 -15.000001 194.333575 403.935356 
53 28.977775 -7.764572 103.006275 441.764365 
54 40.000000 -0.000001 5.000007 403.935360 
55 39.125904 8.316467 -63.181588 396.769187 
56 36.541819 16.269465 -128.383321 375.583861 
57 32.360680 23.511409 -187.755562 341.305284 
58 26.765225 29.725792 -238.703461 295.431592 
59 20.000001 34.641016 -279.000349 239.967686 
60 12.360681 38.042260 -306.885059 177.337606 
61 4.181139 39.780876 -321.138895 110.278587 
62 -4.181138 39.780876 -321.138897 41.721428 
63 -12.360679 38.042261 -306.885063 -25.337592 
64 -19.999999 34.641017 -279.000356 -87.967673 
65 -26.765224 29.725794 -238.703471 -143.431580 
66 -32.360679 23.511411 -187.755575 -189.305275 
67 -36.541818 16.269467 -128.383335 -223.583855 
68 -39.125904 8.316469 -63.181603 -244.769184 
69 -40.000000 0.000001 4.999992 -251.935360 
70 -39.125904 -8.316467 73.181587 -244.769187 
71 -36.541819 -16.269465 138.383320 -223.583862 
72 -32.360680 -23.511409 197.755561 -189.305284 
73 -26.765225 -29.725792 248.703460 -143.431593 
74 -20.000001 -34.641016 289.000348 -87.967687 
75 -12.360681 -38.042260 316.885058 -25.337608 
76 -4.181140 -39.780876 331.138895 41.721412 
77 4.181137 -39.780876 331.138897 110.278570 
78 12.360679 -38.042261 316.885064 177.337591 
79 19.999999 -34.641017 289.000357 239.967672 
80 26.765223 -29.725794 248.703472 295.431580 
81 32.360679 -23.511411 197.755576 341.305274 
82 36.541818 -16.269467 138.383336 375.583855 
83 39.125904 -8.316469 73.181604 396.769184 
84 50.000000 -0.000001 5.000008 369.314303 
85 49.240388 8.682407 -45.933486 364.858201 
86 46.984632 17.101006 -95.319392 351.625289 
87 43.301271 24.999999 -141.657144 330.017642 
88 38.302223 32.139379 -183.538793 300.691797 
89 32.139382 38.302221 -219.691786 264.538806 
90 25.000001 43.301269 -249.017633 222.657159 
91 17.101009 46.984631 -270.625283 176.319408 
92 8.682410 49.240387 -283.858198 126.933503 
93 0.000002 50.000000 -288.314303 76.000009 
94 -8.682407 49.240388 -283.858201 25.066515 
95 -17.101006 46.984632 -270.625289 -24.319391 
96 -24.999999 43.301271 -249.017642 -70.657144 
97 -32.139379 38.302223 -219.691798 -112.538793 
98 -38.302221 32.139382 -183.538807 -148.691786 
99 -43.301269 25.000001 -141.657159 -178.017633 
100 -46.984630 17.101009 -95.319409 -199.625283 
101 -49.240387 8.682410 -45.933503 -212.858198 
102 -50.000000 0.000002 4.999991 -217.314303 
103 -49.240388 -8.682407 55.933485 -212.858201 
104 -46.984632 -17.101006 105.319391 -199.625289 
105 -43.301271 -24.999999 151.657143 -178.017642 
106 -38.302223 -32.139379 193.538792 -148.691798 
107 -32.139382 -38.302221 229.691786 -112.538807 
108 -25.000001 -43.301269 259.017633 -70.657160 
109 -17.101009 -46.984630 280.625283 -24.319409 
110 -8.682411 -49.240387 293.858198 25.066496 
111 -0.000002 -50.000000 298.314303 75.999990 
112 8.682407 -49.240388 293.858201 126.933484 
113 17.101006 -46.984632 280.625289 176.319390 
114 24.999998 -43.301271 259.017643 222.657143 
115 32.139379 -38.302223 229.691798 264.538792 
116 38.302221 -32.139382 193.538808 300.691785 
117 43.301269 -25.000002 151.657160 330.017632 
118 46.984630 -17.101009 105.319410 351.625282 
119 49.240387 -8.682411 55.933504 364.858198 
