0.166666666667 0.0
0.25 7.19999999999
0.333333333333 14.4
0.416666666667 21.6
0.5 28.8
0.583333333333 36.0
0.666666666667 43.2
0.75 50.4
0.833333333333 57.6
0.916666666667 64.8
1.0 72.0
1.08333333333 0.0
1.16666666667 0.0
1.25 7.1625
1.33333333333 14.325
1.41666666667 21.4875
1.5 28.65
1.58333333333 35.8125
1.66666666667 42.975
1.75 50.1375
1.83333333333 57.3
1.91666666667 60.7
2.0 52.8
2.08333333333 79.0
2.16666666667 92.5
2.25 55.9
2.33333333333 31.8
2.41666666667 79.9
2.5 99.6
2.58333333333 110.9
2.66666666667 100.2
2.75 98.8
2.83333333333 100.1
2.91666666667 134.4
3.0 129.6
3.08333333333 118.4
3.16666666667 83.0
3.25 108.5
3.33333333333 172.25
3.41666666667 236.0
3.5 92.3
3.58333333333 81.1
3.66666666667 62.9
3.75 94.5
3.83333333333 96.5384615385
3.91666666667 98.5769230769
4.0 100.615384615
4.08333333333 102.653846154
4.16666666667 104.692307692
4.25 106.730769231
4.33333333333 108.769230769
4.41666666667 110.807692308
4.5 112.846153846
4.58333333333 114.884615385
4.66666666667 116.923076923
4.75 118.961538462
4.83333333333 121.0
4.91666666667 127.0
5.0 133.0
5.08333333333 139.0
5.16666666667 145.0
5.25 151.0
5.33333333333 135.8
5.41666666667 120.6
5.5 105.4
5.58333333333 90.2
5.66666666667 75.0
5.75 55.0
5.83333333333 35.0
5.91666666667 15.0
6.0 19.9333333333
6.08333333333 24.8666666667
6.16666666667 29.8
6.25 43.6
6.33333333333 15.0
6.41666666667 17.0
6.5 15.0
6.58333333333 12.0
6.66666666667 9.0
6.75 6.0
6.83333333333 3.0
6.91666666667 1.7763568394e-15
7.0 2.5
7.08333333333 5.0
7.16666666667 7.5
7.25 10.0
7.33333333333 12.5
7.41666666667 15.0
7.5 3.0
7.58333333333 0.0
7.66666666667 0.0
7.75 0.0
7.83333333333 0.0
7.91666666667 0.0
8.0 0.0
8.08333333333 0.0
8.16666666667 0.0
8.25 5.3
8.33333333333 0.0
8.41666666667 0.0
8.5 4.5
8.58333333333 5.8
8.66666666667 8.881784197e-16
8.75 0.0
8.83333333333 0.0
8.91666666667 0.0
9.0 0.0
9.08333333333 15.0
9.16666666667 15.0
9.25 15.0
9.33333333333 15.0
9.41666666667 15.0
9.5 15.0
9.58333333333 15.0
9.66666666667 15.0
9.75 15.0
9.83333333333 15.0
9.91666666667 15.0
10.0 15.0
10.0833333333 15.0
10.1666666667 15.0
10.25 15.0
10.3333333333 15.0
10.4166666667 15.0
10.5 15.0
10.5833333333 15.0
10.6666666667 15.0
10.75 15.0
10.8333333333 15.0
10.9166666667 15.0
11.0 15.0
11.0833333333 15.0
11.1666666667 15.0
11.25 15.0
11.3333333333 15.0
11.4166666667 15.0
11.5 15.0
11.5833333333 15.0
11.6666666667 15.0
11.75 15.0
11.8333333333 15.0
11.9166666667 15.0
12.0 15.0
12.0833333333 15.0
12.1666666667 15.0
12.25 15.0
12.3333333333 15.0
12.4166666667 15.0
12.5 15.0
12.5833333333 15.0
12.6666666667 15.0
12.75 15.0
12.8333333333 15.0
12.9166666667 15.0
13.0 15.0
13.0833333333 15.0
13.1666666667 15.0
13.25 15.0
13.3333333333 15.0
13.4166666667 15.0
13.5 15.0
13.5833333333 15.0
13.6666666667 15.0
13.75 15.0
13.8333333333 15.0
13.9166666667 15.0
14.0 15.0
14.0833333333 15.0
14.1666666667 15.0
14.25 15.0
14.3333333333 15.0
14.4166666667 15.0
14.5 11.0
14.5833333333 7.00000000001
14.6666666667 3.0
14.75 15.0
14.8333333333 7.50000000001
14.9166666667 0.0
15.0 9.4
15.0833333333 40.2
15.1666666667 45.5
15.25 41.1
15.3333333333 33.5
15.4166666667 23.0
15.5 48.0
15.5833333333 48.0
15.6666666667 24.2
15.75 25.5
15.8333333333 61.5
15.9166666667 60.6
16.0 58.2
16.0833333333 33.7
16.1666666667 49.3
16.25 31.9
16.3333333333 36.3
16.4166666667 49.2
16.5 15.8
16.5833333333 14.5
16.6666666667 23.9
16.75 33.5
16.8333333333 12.0
16.9166666667 7.3
17.0 12.2
17.0833333333 13.0
17.1666666667 25.2
17.25 22.9
17.3333333333 17.9
17.4166666667 12.9
17.5 12.2
17.5833333333 19.1
17.6666666667 10.0
17.75 14.6
17.8333333333 19.2
17.9166666667 23.8
18.0 28.4
18.0833333333 33.0
18.1666666667 15.0
18.25 30.0
18.3333333333 30.0
18.4166666667 30.0
18.5 30.0
18.5833333333 23.75
18.6666666667 17.5
18.75 15.0
18.8333333333 15.0
18.9166666667 30.0
19.0 30.0
19.0833333333 30.0
19.1666666667 30.0
19.25 25.9
19.3333333333 20.45
19.4166666667 15.0
19.5 15.0
19.5833333333 15.0
19.6666666667 15.0
19.75 15.0
19.8333333333 13.75
19.9166666667 12.5
20.0 11.25
20.0833333333 10.0
20.1666666667 8.75
20.25 7.5
20.3333333333 6.25
20.4166666667 5.0
20.5 3.75
20.5833333333 2.5
20.6666666667 1.25
20.75 0.0
20.8333333333 0.0
20.9166666667 0.0
21.0 0.0
21.0833333333 0.0
21.1666666667 0.0
21.25 0.0
21.3333333333 0.0
21.4166666667 0.0
21.5 8.6
21.5833333333 8.38
21.6666666667 8.16
21.75 7.94
21.8333333333 7.72
21.9166666667 7.5
22.0 15.0
22.0833333333 0.0
22.1666666667 0.0
22.25 0.0
22.3333333333 0.0
22.4166666667 0.0
22.5 0.0
22.5833333333 0.0
22.6666666667 0.0
22.75 0.0
22.8333333333 0.0
22.9166666667 0.0
23.0 0.0
23.0833333333 0.0
23.1666666667 0.0
23.25 0.0
23.3333333333 25.4
23.4166666667 30.0
23.5 30.0
23.5833333333 30.0
23.6666666667 30.0
23.75 30.0
23.8333333333 30.0
23.9166666667 22.5
24.0 15.0
24.0833333333 0.0
24.1666666667 0.0
24.25 0.0
24.3333333333 0.0
24.4166666667 0.0
24.5 0.0
24.5833333333 0.0
24.6666666667 0.0
24.75 0.0
24.8333333333 5.8
24.9166666667 27.0
25.0 3.6
25.0833333333 30.0
25.1666666667 15.0
25.25 0.0
25.3333333333 0.0
25.4166666667 0.0
25.5 0.0
25.5833333333 0.0
25.6666666667 0.0
25.75 0.0
25.8333333333 6.7
25.9166666667 -8.881784197e-16
26.0 0.0
26.0833333333 2.596
26.1666666667 5.192
26.25 7.788
26.3333333333 10.384
26.4166666667 12.98
26.5 15.576
26.5833333333 18.172
26.6666666667 20.768
26.75 23.364
26.8333333333 25.96
26.9166666667 28.556
27.0 31.152
27.0833333333 33.748
27.1666666667 36.344
27.25 38.94
27.3333333333 41.536
27.4166666667 44.132
27.5 46.728
27.5833333333 49.324
27.6666666667 51.92
27.75 54.516
27.8333333333 57.112
27.9166666667 59.708
28.0 62.304
28.0833333333 64.9
28.1666666667 57.4
28.25 51.3
28.3333333333 82.7
28.4166666667 55.3
28.5 73.3
28.5833333333 77.2
28.6666666667 51.4
28.75 58.1
28.8333333333 53.1
28.9166666667 91.1
29.0 108.1
29.0833333333 62.1
29.1666666667 71.5
29.25 70.4
29.3333333333 84.2
29.4166666667 106.6
29.5 89.8
29.5833333333 82.9
29.6666666667 73.2
29.75 96.5
29.8333333333 62.5
29.9166666667 75.6
30.0 46.0
30.0833333333 42.125
30.1666666667 38.25
30.25 34.375
30.3333333333 30.5
30.4166666667 26.625
30.5 22.75
30.5833333333 18.875
30.6666666667 15.0
30.75 20.8888888889
30.8333333333 26.7777777778
30.9166666667 32.6666666667
31.0 38.5555555556
31.0833333333 44.4444444444
31.1666666667 50.3333333333
31.25 56.2222222222
31.3333333333 62.1111111111
31.4166666667 68.0
31.5 73.8888888889
31.5833333333 79.7777777778
31.6666666667 85.6666666667
31.75 91.5555555556
31.8333333333 97.4444444444
31.9166666667 103.333333333
32.0 109.222222222
32.0833333333 115.111111111
32.1666666667 121.0
32.25 106.7875
32.3333333333 92.575
32.4166666667 78.3625
32.5 64.15
32.5833333333 49.9375
32.6666666667 35.725
32.75 21.5125
32.8333333333 7.3
32.9166666667 13.7
33.0 16.25
33.0833333333 18.8
33.1666666667 21.35
33.25 23.9
33.3333333333 26.45
33.4166666667 29.0
33.5 33.2
33.5833333333 17.0
33.6666666667 15.5
33.75 12.1
33.8333333333 8.6
33.9166666667 11.0
34.0 14.6
34.0833333333 5.5
34.1666666667 30.6
34.25 10.2
34.3333333333 20.5
34.4166666667 17.7
34.5 12.8
34.5833333333 19.5
34.6666666667 3.5
34.75 4.4
34.8333333333 12.8
34.9166666667 1.9
35.0 0.0
35.0833333333 0.0
35.1666666667 0.0
35.25 0.0
35.3333333333 0.0
35.4166666667 0.0
35.5 0.0
35.5833333333 0.0
35.6666666667 0.5
35.75 0.0
35.8333333333 0.0
35.9166666667 0.0
36.0 0.0
36.0833333333 0.0
36.1666666667 0.0
36.25 0.0
36.3333333333 0.0
36.4166666667 0.0
36.5 0.0
36.5833333333 0.0
36.6666666667 0.0
36.75 0.0
36.8333333333 0.0
36.9166666667 0.0
37.0 0.0
37.0833333333 0.0
37.1666666667 0.0
37.25 0.0
37.3333333333 0.0
37.4166666667 0.0
37.5 0.0
37.5833333333 0.0
37.6666666667 0.0
37.75 0.0
37.8333333333 0.0
37.9166666667 0.0
38.0 0.0
38.0833333333 0.0
38.1666666667 0.0
38.25 0.0
38.3333333333 0.0
38.4166666667 0.0
38.5 0.0
38.5833333333 0.0
38.6666666667 0.0
38.75 0.0
38.8333333333 0.0
38.9166666667 0.0
39.0 0.0
39.0833333333 0.0
39.1666666667 0.0
39.25 0.0
39.3333333333 0.0
39.4166666667 0.0
39.5 0.0
39.5833333333 0.0
39.6666666667 0.0
39.75 0.0
39.8333333333 0.0
39.9166666667 0.0
40.0 0.0
40.0833333333 0.0
40.1666666667 0.0
40.25 0.0
40.3333333333 0.0
40.4166666667 0.0
40.5 0.0
40.5833333333 0.0
40.6666666667 0.0
40.75 0.0
40.8333333333 0.0
40.9166666667 0.0
41.0 0.0
41.0833333333 0.0
41.1666666667 0.0
41.25 0.0
41.3333333333 0.0
41.4166666667 0.0
41.5 0.0
41.5833333333 0.0
41.6666666667 0.0
41.75 0.0
41.8333333333 0.0
41.9166666667 0.0
42.0 0.0
42.0833333333 4.025
42.1666666667 8.05000000001
42.25 12.075
42.3333333333 16.1
42.4166666667 13.4166666667
42.5 10.7333333333
42.5833333333 8.05
42.6666666667 5.36666666666
42.75 2.68333333333
42.8333333333 0.0
42.9166666667 0.0
43.0 0.0
43.0833333333 0.0
43.1666666667 2.1
43.25 2.3
43.3333333333 0.0
43.4166666667 0.0
43.5 0.0
43.5833333333 3.1
43.6666666667 2.6
43.75 0.0
43.8333333333 0.0
43.9166666667 0.0
44.0 0.0
44.0833333333 0.0
44.1666666667 0.0
44.25 0.0
44.3333333333 0.0
44.4166666667 0.0
44.5 0.0
44.5833333333 0.0
44.6666666667 3.0
44.75 5.5
44.8333333333 0.0
44.9166666667 0.0
45.0 0.0
45.0833333333 0.0
45.1666666667 0.0
45.25 6.3
45.3333333333 0.0
45.4166666667 0.0
45.5 0.0
45.5833333333 0.0
45.6666666667 0.0
45.75 0.0
45.8333333333 0.0
45.9166666667 0.0
46.0 0.0
46.0833333333 0.0
46.1666666667 6.7
46.25 0.0
46.3333333333 0.0
46.4166666667 0.0
46.5 0.0
46.5833333333 0.0
46.6666666667 0.0
46.75 0.0
46.8333333333 0.0
46.9166666667 0.0
47.0 0.0
47.0833333333 0.0
47.1666666667 0.0
47.25 0.0
47.3333333333 0.0
47.4166666667 0.0
47.5 0.0
47.5833333333 0.0
47.6666666667 0.0
47.75 0.0
47.8333333333 0.0
47.9166666667 0.0
48.0 1.9
48.0833333333 0.0
48.1666666667 0.0
48.25 0.0
48.3333333333 0.0
48.4166666667 0.0
48.5 0.0
48.5833333333 0.0
48.6666666667 0.0
48.75 0.0
48.8333333333 0.0
48.9166666667 0.0
49.0 0.0
49.0833333333 0.0
49.1666666667 0.0
49.25 0.0
49.3333333333 0.0
49.4166666667 0.0
49.5 0.0
49.5833333333 0.0
49.6666666667 0.0
49.75 0.0
49.8333333333 0.0
49.9166666667 0.0
50.0 0.0
50.0833333333 0.0
50.1666666667 3.9
50.25 2.7
50.3333333333 0.0
50.4166666667 5.0
50.5 3.6
50.5833333333 5.8
50.6666666667 2.7
50.75 0.0
50.8333333333 0.0
50.9166666667 0.0
51.0 0.0
51.0833333333 0.0
51.1666666667 4.3
51.25 0.0
51.3333333333 0.0
51.4166666667 0.0
51.5 0.0
51.5833333333 0.0
51.6666666667 0.0
51.75 0.0
51.8333333333 5.0
51.9166666667 0.0
52.0 0.0
52.0833333333 0.0
52.1666666667 0.0
52.25 0.0
52.3333333333 0.0
52.4166666667 0.0
52.5 0.0
52.5833333333 0.0
52.6666666667 0.0
52.75 0.0
52.8333333333 0.0
52.9166666667 0.0
53.0 0.0
53.0833333333 0.0
53.1666666667 0.0
53.25 0.0
53.3333333333 0.0
53.4166666667 0.0
53.5 0.0
53.5833333333 0.0
53.6666666667 0.0
53.75 0.0
53.8333333333 0.0
53.9166666667 0.0
54.0 0.0
54.0833333333 0.0
54.1666666667 0.0
54.25 0.0
54.3333333333 0.0
54.4166666667 0.0
54.5 0.0
54.5833333333 0.0
54.6666666667 0.0
54.75 0.0
54.8333333333 0.0
54.9166666667 0.0
55.0 0.0
55.0833333333 0.0
55.1666666667 0.0
55.25 0.0
55.3333333333 0.0
55.4166666667 0.0
55.5 0.0
55.5833333333 0.0
55.6666666667 0.0
55.75 0.0
55.8333333333 0.0
55.9166666667 0.0
56.0 0.0
56.0833333333 0.0
56.1666666667 0.0
56.25 0.0
56.3333333333 0.0
56.4166666667 0.0
56.5 0.0
56.5833333333 0.0
56.6666666667 0.0
56.75 0.0
56.8333333333 0.0
56.9166666667 0.0
57.0 0.0
57.0833333333 0.0
57.1666666667 0.0
57.25 0.0
57.3333333333 0.0
57.4166666667 0.0
57.5 0.0
57.5833333333 0.0
57.6666666667 0.0
57.75 0.0
57.8333333333 0.0
57.9166666667 0.0
58.0 0.0
58.0833333333 0.0
58.1666666667 0.0
58.25 0.0
58.3333333333 0.0
58.4166666667 0.0
58.5 0.0
58.5833333333 0.0
58.6666666667 0.0
58.75 0.0
58.8333333333 0.0
58.9166666667 0.0
59.0 0.0
59.0833333333 0.0
59.1666666667 0.0
59.25 0.0
59.3333333333 0.0
59.4166666667 0.0
59.5 0.0
59.5833333333 0.0
59.6666666667 0.0
59.75 0.0
59.8333333333 0.0
59.9166666667 0.0
60.0 0.0
60.0833333333 0.0
60.1666666667 0.0
60.25 0.0
60.3333333333 0.0
60.4166666667 0.0
60.5 0.0
60.5833333333 0.0
60.6666666667 0.0
60.75 0.0
60.8333333333 0.0
60.9166666667 0.0
61.0 0.0
61.0833333333 0.0
61.1666666667 0.0
61.25 0.0
61.3333333333 0.0
61.4166666667 0.0
61.5 0.0
61.5833333333 0.0
61.6666666667 8.5
61.75 2.0
61.8333333333 0.0
61.9166666667 0.0
62.0 0.0
62.0833333333 0.0
62.1666666667 0.0
62.25 0.0
62.3333333333 0.0
62.4166666667 0.0
62.5 0.0
62.5833333333 0.0
62.6666666667 0.0
62.75 0.0
62.8333333333 0.0
62.9166666667 4.4
63.0 0.0
63.0833333333 0.0
63.1666666667 0.0
63.25 0.0
63.3333333333 0.0
63.4166666667 0.0
63.5 0.0
63.5833333333 0.0
63.6666666667 0.0
63.75 0.0
63.8333333333 0.0
63.9166666667 0.0
64.0 0.0
64.0833333333 0.0
64.1666666667 0.0
64.25 0.0
64.3333333333 0.0
64.4166666667 0.0
64.5 0.0
64.5833333333 0.0
64.6666666667 2.1
64.75 0.0
64.8333333333 0.0
64.9166666667 0.0
65.0 0.0
65.0833333333 0.0
65.1666666667 0.0
65.25 0.0
65.3333333333 0.0
65.4166666667 0.0
65.5 0.0
65.5833333333 0.0
65.6666666667 0.0
65.75 0.0
65.8333333333 0.0
65.9166666667 0.0
66.0 0.0
66.0833333333 0.0
66.1666666667 0.0
66.25 0.0
66.3333333333 0.0
66.4166666667 0.0
66.5 2.2
66.5833333333 0.4
66.6666666667 3.5
66.75 0.0
66.8333333333 4.4
66.9166666667 7.0
67.0 4.1
67.0833333333 2.7
67.1666666667 0.0
67.25 0.0
67.3333333333 1.2
67.4166666667 0.0
67.5 0.0
67.5833333333 0.0
67.6666666667 0.0
67.75 0.0
67.8333333333 0.0
67.9166666667 0.0
68.0 0.0
68.0833333333 0.0
68.1666666667 1.7
68.25 1.2
68.3333333333 0.0
68.4166666667 0.0
68.5 0.0
68.5833333333 0.0
68.6666666667 0.0
68.75 0.0
68.8333333333 0.0
68.9166666667 0.0
69.0 0.0
69.0833333333 0.0
69.1666666667 0.0
69.25 0.0
69.3333333333 0.0
69.4166666667 0.0
69.5 0.0
69.5833333333 0.0
69.6666666667 0.0
69.75 0.0
69.8333333333 0.0
69.9166666667 0.0
70.0 0.0
70.0833333333 0.0
70.1666666667 0.0
70.25 0.0
70.3333333333 0.0
70.4166666667 4.8
70.5 4.3
70.5833333333 0.0
70.6666666667 0.0
70.75 0.0
70.8333333333 0.0
70.9166666667 0.0
71.0 0.0
71.0833333333 0.0
71.1666666667 0.0
71.25 0.0
71.3333333333 0.0
71.4166666667 0.4
71.5 0.0
71.5833333333 0.0
71.6666666667 0.0
71.75 0.0
71.8333333333 0.0
71.9166666667 0.0
72.0 0.0
72.0833333333 0.0
72.1666666667 0.0
72.25 0.0
72.3333333333 0.0
72.4166666667 0.0
72.5 0.0
72.5833333333 0.0
72.6666666667 0.0
72.75 0.0
72.8333333333 0.0
72.9166666667 0.0
73.0 0.0
73.0833333333 0.0
73.1666666667 0.0
73.25 0.0
73.3333333333 0.0
73.4166666667 0.0
73.5 0.0
73.5833333333 0.0
73.6666666667 0.0
73.75 0.0
73.8333333333 0.0
73.9166666667 0.0
74.0 0.0
74.0833333333 0.0
74.1666666667 0.0
74.25 0.0
74.3333333333 2.2
74.4166666667 4.4
74.5 5.8
74.5833333333 4.6
74.6666666667 0.0
74.75 0.0
74.8333333333 0.0
74.9166666667 0.0
75.0 0.0
75.0833333333 0.0
75.1666666667 0.0
75.25 0.0
75.3333333333 0.0
75.4166666667 0.0
75.5 0.0
75.5833333333 0.0
75.6666666667 0.0
75.75 0.0
75.8333333333 0.0
75.9166666667 0.0
76.0 0.0
76.0833333333 0.0
76.1666666667 0.0
76.25 0.0
76.3333333333 5.2
76.4166666667 0.4
76.5 0.0
76.5833333333 0.0
76.6666666667 0.0
76.75 1.2
76.8333333333 0.0
76.9166666667 0.0
77.0 0.0
77.0833333333 0.0
77.1666666667 0.0
77.25 0.0
77.3333333333 0.0
77.4166666667 0.0
77.5 0.0
77.5833333333 0.0
77.6666666667 0.0
77.75 0.0
77.8333333333 0.4
77.9166666667 0.4
78.0 0.0
78.0833333333 0.0
78.1666666667 0.0
78.25 0.0
78.3333333333 0.0
78.4166666667 0.4
78.5 0.0
78.5833333333 0.0
78.6666666667 0.0
78.75 0.4
78.8333333333 1.3
78.9166666667 4.0
79.0 0.0
79.0833333333 0.0
79.1666666667 0.0
79.25 2.3
79.3333333333 0.0
79.4166666667 0.0
79.5 0.0
79.5833333333 0.0
79.6666666667 0.0
79.75 0.0
79.8333333333 0.0
79.9166666667 0.0
80.0 0.0
80.0833333333 0.0
80.1666666667 0.0
80.25 0.0
80.3333333333 0.0
80.4166666667 0.0
80.5 0.0
80.5833333333 0.0
80.6666666667 0.0
80.75 0.0
80.8333333333 0.0
80.9166666667 0.0
81.0 0.0
81.0833333333 0.0
81.1666666667 0.0
81.25 0.0
81.3333333333 0.0
81.4166666667 0.0
81.5 0.0
81.5833333333 0.0
81.6666666667 0.0
81.75 0.0
81.8333333333 0.0
81.9166666667 0.0
82.0 0.0
82.0833333333 0.0
82.1666666667 0.0
82.25 0.0
82.3333333333 0.0
82.4166666667 0.0
82.5 0.0
82.5833333333 0.0
82.6666666667 0.0
82.75 0.0
82.8333333333 0.0
82.9166666667 0.0
83.0 0.0
83.0833333333 0.0
83.1666666667 0.0
83.25 0.0
83.3333333333 0.0
83.4166666667 0.0
83.5 0.0
83.5833333333 0.0
83.6666666667 0.0
83.75 0.0
83.8333333333 0.0
83.9166666667 0.0
84.0 0.0
84.0833333333 0.0
84.1666666667 0.0
84.25 0.0
84.3333333333 0.0
84.4166666667 0.0
84.5 0.0
84.5833333333 0.0
84.6666666667 0.0
84.75 0.0
84.8333333333 0.0
84.9166666667 0.0
85.0 0.0
85.0833333333 0.0
85.1666666667 0.0
85.25 0.0
85.3333333333 0.0
85.4166666667 1.5
85.5 0.0
85.5833333333 0.0
85.6666666667 0.0
85.75 0.0
85.8333333333 0.0
85.9166666667 0.0
86.0 0.0
86.0833333333 0.0
86.1666666667 0.0
86.25 0.0
86.3333333333 0.0
86.4166666667 0.0
86.5 0.0
86.5833333333 0.0
86.6666666667 0.0
86.75 0.0
86.8333333333 0.0
86.9166666667 0.0
87.0 0.0
87.0833333333 0.0
87.1666666667 0.0
87.25 0.0
87.3333333333 0.0
87.4166666667 0.0
87.5 0.0
87.5833333333 0.0
87.6666666667 0.0
87.75 0.0
87.8333333333 0.0
87.9166666667 0.0
88.0 0.0
88.0833333333 0.0
88.1666666667 0.0
88.25 0.0
88.3333333333 0.0
88.4166666667 0.0
88.5 0.0
88.5833333333 0.0
88.6666666667 0.0
88.75 0.0
88.8333333333 0.0
88.9166666667 0.0
89.0 0.0
89.0833333333 0.0
89.1666666667 0.0
89.25 0.0
89.3333333333 0.0
89.4166666667 0.0
89.5 0.0
89.5833333333 0.0
89.6666666667 0.0
89.75 0.0
89.8333333333 0.0
89.9166666667 0.0
90.0 0.0
90.0833333333 0.0
90.1666666667 0.0
90.25 0.0
90.3333333333 0.0
90.4166666667 0.0
90.5 0.0
90.5833333333 0.0
90.6666666667 0.0
90.75 0.0
90.8333333333 0.0
90.9166666667 2.8
91.0 2.1
91.0833333333 1.6
91.1666666667 0.0
91.25 0.0
91.3333333333 0.0
91.4166666667 0.0
91.5 0.0
91.5833333333 0.0
91.6666666667 0.0
91.75 0.0
91.8333333333 0.0
91.9166666667 4.4
92.0 0.0
92.0833333333 0.0
92.1666666667 0.0
92.25 0.0
92.3333333333 0.0
92.4166666667 3.9
92.5 0.0
92.5833333333 0.0
92.6666666667 0.0
92.75 0.0
92.8333333333 0.0
92.9166666667 0.0
93.0 3.2
93.0833333333 0.4
93.1666666667 0.0
93.25 0.0
93.3333333333 0.0
93.4166666667 4.1
93.5 12.7
93.5833333333 6.8
93.6666666667 8.881784197e-16
93.75 0.0
93.8333333333 1.0
93.9166666667 3.1
94.0 3.9
94.0833333333 12.5
94.1666666667 6.0
94.25 4.3
94.3333333333 2.1
94.4166666667 0.9
94.5 10.3
94.5833333333 3.6
94.6666666667 0.5
94.75 0.6
94.8333333333 0.0
94.9166666667 7.7
95.0 0.5
95.0833333333 10.2
95.1666666667 5.7
95.25 4.3
95.3333333333 6.1
95.4166666667 5.9
95.5 4.9
95.5833333333 5.2
95.6666666667 1.4
95.75 1.6
95.8333333333 12.6
95.9166666667 6.8
96.0 1.4
96.0833333333 0.0
96.1666666667 1.6
96.25 6.1
96.3333333333 4.9
96.4166666667 0.0
96.5 2.5
96.5833333333 0.0
96.6666666667 0.0
96.75 9.3
96.8333333333 1.3
96.9166666667 4.4
97.0 8.3
97.0833333333 1.3
97.1666666667 2.4
97.25 19.0
97.3333333333 1.1
97.4166666667 0.0
97.5 0.0
97.5833333333 1.0
97.6666666667 0.0
97.75 13.9
97.8333333333 3.1
97.9166666667 15.1
98.0 6.2
98.0833333333 2.5
98.1666666667 0.0
98.25 0.0
98.3333333333 0.0
98.4166666667 0.0
98.5 0.4
98.5833333333 0.5
98.6666666667 12.0
98.75 8.9
98.8333333333 0.6
98.9166666667 7.7
99.0 1.5
99.0833333333 4.3
99.1666666667 3.2
99.25 0.0
99.3333333333 0.0
99.4166666667 0.0
99.5 0.0
99.5833333333 0.0
99.6666666667 2.9
99.75 0.0
99.8333333333 1.4
99.9166666667 7.4
100.0 0.0
100.083333333 0.0
100.166666667 0.0
100.25 0.0
100.333333333 0.0
100.416666667 0.0
100.5 0.0
100.583333333 0.0
100.666666667 0.0
100.75 0.0
100.833333333 4.8
100.916666667 0.0
101.0 0.0
101.083333333 0.0
101.166666667 0.0
101.25 0.0
101.333333333 0.0
101.416666667 0.0
101.5 0.0
101.583333333 0.0
101.666666667 0.0
101.75 0.0
101.833333333 0.0
101.916666667 0.0
102.0 0.0
102.083333333 0.0
102.166666667 0.0
102.25 0.0
102.333333333 0.0
102.416666667 0.0
102.5 0.0
102.583333333 0.0
102.666666667 0.0
102.75 0.0
102.833333333 0.0
102.916666667 0.0
103.0 0.0
103.083333333 0.0
103.166666667 0.0
103.25 0.0
103.333333333 0.0
103.416666667 3.9
103.5 0.0
103.583333333 0.0
103.666666667 0.0
103.75 0.0
103.833333333 0.0
103.916666667 0.0
104.0 0.0
104.083333333 0.0
104.166666667 0.0
104.25 0.0
104.333333333 0.8
104.416666667 0.0
104.5 0.0
104.583333333 0.0
104.666666667 3.9
104.75 6.0
104.833333333 0.4
104.916666667 0.0
105.0 0.0
105.083333333 4.7
105.166666667 1.2
105.25 0.0
105.333333333 3.6
105.416666667 4.9
105.5 0.6
105.583333333 4.3
105.666666667 8.3
105.75 6.9
105.833333333 2.1
105.916666667 4.4
106.0 1.6
106.083333333 5.6
106.166666667 2.9
106.25 0.0
106.333333333 19.3
106.416666667 9.4
106.5 12.1
106.583333333 15.0
106.666666667 12.5
106.75 15.9
106.833333333 1.2
106.916666667 14.7
107.0 1.2
107.083333333 9.7
107.166666667 21.0
107.25 10.8
107.333333333 29.6
107.416666667 25.6
107.5 10.2
107.583333333 11.1
107.666666667 16.6
107.75 12.5
107.833333333 17.2
107.916666667 27.2
108.0 18.4
108.083333333 19.7
108.166666667 18.4
108.25 13.1
108.333333333 3.4
108.416666667 6.7
108.5 6.06666666667
108.583333333 5.43333333333
108.666666667 4.8
108.75 15.0
108.833333333 1.7
108.916666667 1.3
109.0 5.8
109.083333333 35.2
109.166666667 19.8
109.25 6.4
109.333333333 26.1
109.416666667 28.8
109.5 64.5
109.583333333 46.6
109.666666667 45.1
109.75 31.6
109.833333333 37.6
109.916666667 44.8
110.0 20.6
110.083333333 16.9
110.166666667 18.7
110.25 28.2
110.333333333 20.2
110.416666667 41.4
110.5 46.3
110.583333333 36.4
110.666666667 23.4
110.75 14.9
110.833333333 9.3
110.916666667 15.4
111.0 9.9
111.083333333 12.2
111.166666667 75.7
111.25 24.6
111.333333333 30.0
111.416666667 45.1
111.5 23.0
111.583333333 12.7
111.666666667 10.1
111.75 13.5
111.833333333 5.0
111.916666667 4.0
112.0 1.4
112.083333333 14.2
112.166666667 11.3
112.25 8.4
112.333333333 6.5
112.416666667 11.1
112.5 22.6
112.583333333 11.0
112.666666667 0.7
112.75 12.0
112.833333333 12.0
112.916666667 12.0
113.0 12.0
113.083333333 10.0
113.166666667 8.0
113.25 6.0
113.333333333 4.0
113.416666667 2.0
113.5 0.0
113.583333333 1.78
113.666666667 3.56
113.75 5.34
113.833333333 7.12
113.916666667 8.9
114.0 9.36666666667
114.083333333 9.83333333333
114.166666667 10.3
114.25 10.7666666667
114.333333333 11.2333333333
114.416666667 11.7
114.5 26.0
114.583333333 23.1666666667
114.666666667 20.3333333333
114.75 17.5
114.833333333 14.6666666667
114.916666667 11.8333333333
115.0 9.0
115.083333333 10.5
115.166666667 12.0
115.25 12.0
115.333333333 17.5
115.416666667 18.9
115.5 12.9
115.583333333 0.0
115.666666667 4.5
115.75 12.0
115.833333333 17.05
115.916666667 22.1
116.0 16.4
116.083333333 34.9
116.166666667 23.7
116.25 44.9
116.333333333 30.6
116.416666667 31.3
116.5 34.8
116.583333333 27.1
116.666666667 22.7
116.75 42.0
116.833333333 44.5
116.916666667 44.1
117.0 53.7
117.083333333 27.2
117.166666667 37.5
117.25 37.6714285714
117.333333333 37.8428571429
117.416666667 38.0142857143
117.5 38.1857142857
117.583333333 38.3571428571
117.666666667 38.5285714286
117.75 38.7
117.833333333 42.6
117.916666667 49.95
118.0 57.3
118.083333333 64.65
118.166666667 72.0
118.25 79.35
118.333333333 86.7
118.416666667 76.5
118.5 42.5
118.583333333 51.3
118.666666667 39.4
118.75 27.5
118.833333333 64.2499999999
118.916666667 101.0
119.0 61.5
119.083333333 22.0
119.166666667 66.9
119.25 11.0
119.333333333 13.0
119.416666667 15.0
119.5 10.0
119.583333333 5.0
119.666666667 15.45
119.75 25.9
119.833333333 36.35
119.916666667 46.8
120.0 57.25
120.083333333 67.7
120.166666667 86.6
120.25 100.0
120.333333333 113.4
120.416666667 85.0
120.5 72.75
120.583333333 60.5
120.666666667 32.75
120.75 5.0
120.833333333 4.66666666667
120.916666667 4.33333333333
121.0 4.0
121.083333333 3.66666666667
121.166666667 3.33333333333
121.25 3.0
121.333333333 2.66666666667
121.416666667 2.33333333333
121.5 2.0
121.583333333 1.66666666667
121.666666667 1.33333333333
121.75 1.0
121.833333333 0.666666666667
121.916666667 0.333333333333
122.0 0.0
122.083333333 0.0
122.166666667 0.0
122.25 0.0
122.333333333 0.0
122.416666667 0.0
122.5 0.0
122.583333333 0.0
122.666666667 0.0
122.75 0.0
122.833333333 12.0
122.916666667 24.0
123.0 36.0
123.083333333 0.0
123.166666667 0.0
123.25 0.0
123.333333333 0.0
123.416666667 0.4
123.5 0.0
123.583333333 0.0
123.666666667 0.0
123.75 0.0
123.833333333 0.0
123.916666667 0.0
124.0 0.0
124.083333333 0.0
124.166666667 0.0
124.25 0.0
124.333333333 0.0
124.416666667 0.0
124.5 2.33333333333
124.583333333 4.66666666666
124.666666667 7.0
124.75 9.33333333333
124.833333333 11.6666666667
124.916666667 14.0
125.0 16.3333333333
125.083333333 18.6666666667
125.166666667 21.0
125.25 24.3
125.333333333 21.6
125.416666667 20.2
125.5 7.5
125.583333333 9.375
125.666666667 11.25
125.75 13.125
125.833333333 15.0
125.916666667 25.74
126.0 36.48
126.083333333 47.22
126.166666667 57.96
126.25 68.7
126.333333333 70.0
126.416666667 52.0
126.5 54.6
126.583333333 38.0
126.666666667 45.0
126.75 38.0
126.833333333 11.0
126.916666667 57.0
127.0 52.0
127.083333333 38.0
127.166666667 24.0
127.25 24.0
127.333333333 24.0
127.416666667 24.0
127.5 23.5333333333
127.583333333 23.0666666667
127.666666667 22.6
127.75 22.1333333333
127.833333333 21.6666666667
127.916666667 21.2
128.0 20.7333333333
128.083333333 20.2666666667
128.166666667 19.8
128.25 19.3333333333
128.333333333 18.8666666667
128.416666667 18.4
128.5 17.9333333333
128.583333333 17.4666666667
128.666666667 17.0
128.75 19.1666666667
128.833333333 21.3333333333
128.916666667 23.5
129.0 25.6666666667
129.083333333 27.8333333333
129.166666667 30.0
129.25 68.0
129.333333333 106.0
129.416666667 67.9999999999
129.5 30.0
129.583333333 41.0
129.666666667 49.5
129.75 30.0
129.833333333 121.0
129.916666667 60.0
130.0 5.0
130.083333333 7.93333333333
130.166666667 10.8666666667
130.25 13.8
130.333333333 12.0
130.416666667 0.0
130.5 12.0
130.583333333 13.1
130.666666667 13.3
130.75 13.5
130.833333333 10.0
130.916666667 4.99999999999
131.0 0.0
131.083333333 106.0
131.166666667 97.2181818182
131.25 88.4363636364
131.333333333 79.6545454545
131.416666667 70.8727272727
131.5 62.0909090909
131.583333333 53.3090909091
131.666666667 44.5272727273
131.75 35.7454545455
131.833333333 26.9636363636
131.916666667 18.1818181818
132.0 9.4
132.083333333 15.0
132.166666667 15.0
132.25 15.0
132.333333333 15.0
132.416666667 15.0
132.5 15.0
132.583333333 19.25
132.666666667 23.5
132.75 23.5
132.833333333 19.0
132.916666667 2.0
133.0 3.28571428571
133.083333333 4.57142857143
133.166666667 5.85714285714
133.25 7.14285714286
133.333333333 8.42857142857
133.416666667 9.71428571429
133.5 11.0
133.583333333 13.0
133.666666667 11.6666666667
133.75 10.3333333333
133.833333333 9.0
133.916666667 0.0
134.0 0.0
134.083333333 0.0
134.166666667 0.0
134.25 0.0
134.333333333 0.0
134.416666667 0.0
134.5 0.0
134.583333333 0.0
134.666666667 0.0
134.75 0.0
134.833333333 0.0
134.916666667 0.0
135.0 0.0
135.083333333 0.0
135.166666667 0.0
135.25 0.0
135.333333333 0.0
135.416666667 0.0
135.5 0.0
135.583333333 0.0
135.666666667 0.0
135.75 0.0
135.833333333 0.0
135.916666667 0.0
136.0 0.0
136.083333333 0.0
136.166666667 0.0
136.25 0.0
136.333333333 2.17857142857
136.416666667 4.35714285714
136.5 6.53571428571
136.583333333 8.71428571428
136.666666667 10.8928571429
136.75 13.0714285714
136.833333333 15.25
136.916666667 17.4285714286
137.0 19.6071428571
137.083333333 21.7857142857
137.166666667 23.9642857143
137.25 26.1428571429
137.333333333 28.3214285714
137.416666667 30.5
137.5 32.6785714286
137.583333333 34.8571428571
137.666666667 37.0357142857
137.75 39.2142857143
137.833333333 41.3928571429
137.916666667 43.5714285714
138.0 45.75
138.083333333 47.9285714286
138.166666667 50.1071428571
138.25 52.2857142857
138.333333333 54.4642857143
138.416666667 56.6428571429
138.5 58.8214285714
138.583333333 61.0
138.666666667 60.6142857143
138.75 60.2285714286
138.833333333 59.8428571429
138.916666667 59.4571428571
139.0 59.0714285714
139.083333333 58.6857142857
139.166666667 58.3
139.25 42.9
139.333333333 38.4
139.416666667 45.6
139.5 52.8
139.583333333 82.5
139.666666667 48.0
139.75 52.6
139.833333333 58.7
139.916666667 128.9
140.0 68.6
140.083333333 41.3
140.166666667 50.1
140.25 53.6
140.333333333 72.0
140.416666667 84.0
140.5 96.0
140.583333333 55.2
140.666666667 96.0
140.75 60.0
140.833333333 48.0
140.916666667 24.0
141.0 41.3
141.083333333 48.3
141.166666667 30.0
141.25 32.8
141.333333333 34.4
141.416666667 49.1
141.5 34.7
141.583333333 56.0
141.666666667 36.9
141.75 6.9
141.833333333 15.3
141.916666667 24.0
142.0 36.0
142.083333333 24.0
142.166666667 24.0
142.25 66.7
142.333333333 24.0
142.416666667 27.4
142.5 21.0
142.583333333 47.6
142.666666667 17.3
142.75 16.0
142.833333333 31.1
142.916666667 25.3
143.0 24.0
143.083333333 24.0
143.166666667 24.0
143.25 48.0
143.333333333 47.5
143.416666667 47.0
143.5 24.0
143.583333333 0.0
143.666666667 48.0
143.75 24.0
143.833333333 0.0
143.916666667 0.0
144.0 0.0
144.083333333 0.0
144.166666667 0.0
144.25 0.0
144.333333333 9.5
144.416666667 11.8
144.5 14.2
144.583333333 14.9
144.666666667 8.2
144.75 9.5
144.833333333 15.4
144.916666667 10.2
145.0 2.9
145.083333333 4.4
145.166666667 6.4
145.25 5.3
145.333333333 5.0
145.416666667 0.0
145.5 0.0
145.583333333 6.5
145.666666667 0.5
145.75 5.5
145.833333333 14.5
145.916666667 3.0
146.0 5.3
146.083333333 6.2
146.166666667 5.0
146.25 3.9
146.333333333 6.0
146.416666667 10.2
146.5 12.6
146.583333333 2.7
146.666666667 2.6
146.75 7.0
146.833333333 8.7
146.916666667 15.1
147.0 7.5
147.083333333 6.0
147.166666667 13.9
147.25 19.5
147.333333333 24.9
147.416666667 19.4
147.5 11.5
147.583333333 9.7
147.666666667 75.0
147.75 31.8
147.833333333 24.6
147.916666667 34.6
148.0 26.8
148.083333333 28.0
148.166666667 36.9
148.25 36.1
148.333333333 54.6
148.416666667 30.7
148.5 28.4666666667
148.583333333 26.2333333333
148.666666667 24.0
148.75 72.0
148.833333333 24.0
148.916666667 42.0
149.0 60.0
149.083333333 54.0
149.166666667 48.0
149.25 46.0
149.333333333 51.6666666667
149.416666667 57.3333333333
149.5 63.0
149.583333333 68.6666666667
149.666666667 74.3333333333
149.75 80.0
149.833333333 52.0
149.916666667 24.0
150.0 29.2
150.083333333 34.4
150.166666667 39.6
150.25 72.0
150.333333333 59.4333333333
150.416666667 46.8666666667
150.5 34.3
150.583333333 44.15
150.666666667 54.0
150.75 38.9
150.833333333 31.5
150.916666667 48.0
151.0 67.2
151.083333333 86.4
151.166666667 71.0
151.25 55.2
151.333333333 35.8
151.416666667 109.4
151.5 80.5
151.583333333 83.2
151.666666667 65.8
151.75 76.0
151.833333333 60.0
151.916666667 74.5
152.0 24.0
152.083333333 31.1
152.166666667 57.2
152.25 40.8
152.333333333 44.0
152.416666667 33.6
152.5 54.4
152.583333333 25.0
152.666666667 44.1
152.75 51.2
152.833333333 50.3
152.916666667 66.9
153.0 56.3
153.083333333 40.8
153.166666667 25.0
153.25 22.3
153.333333333 25.6
153.416666667 24.0
153.5 25.8
153.583333333 42.0
153.666666667 21.8
153.75 57.0
153.833333333 34.8
153.916666667 41.6
154.0 50.2
154.083333333 80.6
154.166666667 39.8
154.25 34.6
154.333333333 29.1
154.416666667 34.3
154.5 8.5
154.583333333 12.2
154.666666667 8.7
154.75 20.3
154.833333333 28.65
154.916666667 37.0
155.0 30.5
155.083333333 21.25
155.166666667 12.0
155.25 24.0
155.333333333 22.65
155.416666667 21.3
155.5 16.2
155.583333333 11.1
155.666666667 6.9
155.75 0.0
155.833333333 0.0
155.916666667 0.0
156.0 0.0
156.083333333 0.0
156.166666667 0.0
156.25 21.5
156.333333333 0.0
156.416666667 8.8
156.5 0.0
156.583333333 0.0
156.666666667 0.0
156.75 0.0
156.833333333 0.0
156.916666667 0.0
157.0 14.5
157.083333333 16.1
157.166666667 0.0
157.25 29.1
157.333333333 27.3
157.416666667 30.4
157.5 31.2
157.583333333 23.6
157.666666667 43.9
157.75 39.4
157.833333333 44.9
157.916666667 54.8
158.0 65.9
158.083333333 49.0
158.166666667 76.6
158.25 40.9
158.333333333 37.7
158.416666667 92.7
158.5 93.2
158.583333333 59.2
158.666666667 67.3
158.75 76.7
158.833333333 85.6
158.916666667 85.1
159.0 92.2
159.083333333 71.3
159.166666667 76.5
159.25 55.5
159.333333333 105.5
159.416666667 64.1
159.5 84.4
159.583333333 124.5
159.666666667 106.2
159.75 121.9
159.833333333 152.7
159.916666667 128.8
160.0 90.5
160.083333333 107.6
160.166666667 126.6
160.25 75.2
160.333333333 43.7
160.416666667 59.1
160.5 74.8
160.583333333 127.3
160.666666667 124.8
160.75 105.8
160.833333333 96.6
160.916666667 133.8
161.0 96.3
161.083333333 25.8
161.166666667 47.3
161.25 37.1
161.333333333 68.9
161.416666667 162.5
161.5 110.6
161.583333333 66.6
161.666666667 63.8
161.75 88.8
161.833333333 68.2
161.916666667 88.9
162.0 124.7
162.083333333 90.9
162.166666667 86.8
162.25 44.3
162.333333333 85.8
162.416666667 42.3
162.5 58.7
162.583333333 62.6
162.666666667 61.2
162.75 47.1
162.833333333 57.8
162.916666667 71.8
163.0 84.7
163.083333333 48.5
163.166666667 27.1
163.25 47.5
163.333333333 27.8
163.416666667 42.6
163.5 28.8
163.583333333 16.6
163.666666667 12.9
163.75 25.5
163.833333333 25.1
163.916666667 44.4
164.0 42.0
164.083333333 41.5
164.166666667 53.2
164.25 44.0
164.333333333 45.3
164.416666667 34.3
164.5 26.4
164.583333333 15.5
164.666666667 5.9
164.75 9.7
164.833333333 11.8
164.916666667 11.0
165.0 11.0
165.083333333 0.9
165.166666667 -1.11022302463e-16
165.25 11.0
165.333333333 9.4
165.416666667 3.8
165.5 11.8
165.583333333 0.7
165.666666667 5.5
165.75 3.5
165.833333333 2.7
165.916666667 10.7
166.0 7.5
166.083333333 19.7
166.166666667 6.0
166.25 6.1
166.333333333 14.6
166.416666667 9.7
166.5 16.3
166.583333333 0.6
166.666666667 9.5
166.75 17.2
166.833333333 20.7
166.916666667 21.0
167.0 27.1
167.083333333 34.3
167.166666667 15.1
167.25 18.8
167.333333333 38.8
167.416666667 66.0
167.5 36.4
167.583333333 17.6
167.666666667 27.2
167.75 36.4
167.833333333 53.3
167.916666667 51.4
168.0 64.5
168.083333333 144.0
168.166666667 60.0
168.25 64.0
168.333333333 96.0
168.416666667 65.5
168.5 44.8
168.583333333 34.0
168.666666667 32.9
168.75 104.0
168.833333333 96.0
168.916666667 63.0
169.0 60.0
169.083333333 69.6
169.166666667 97.8
169.25 72.0
169.333333333 72.0
169.416666667 72.0
169.5 72.0
169.583333333 120.0
169.666666667 46.7
169.75 72.0
169.833333333 96.0
169.916666667 80.0
170.0 64.0
170.083333333 48.0
170.166666667 63.3
170.25 74.2
170.333333333 85.1
170.416666667 96.0
170.5 15.0
170.583333333 43.5
170.666666667 72.0
170.75 76.8
170.833333333 45.0
170.916666667 24.0
171.0 46.5
171.083333333 69.0
171.166666667 52.5
171.25 36.0
171.333333333 72.0
171.416666667 86.4
171.5 120.0
171.583333333 72.0
171.666666667 72.5333333333
171.75 73.0666666667
171.833333333 73.6
171.916666667 60.0
172.0 51.3
172.083333333 48.0
172.166666667 24.0
172.25 24.0
172.333333333 30.5
172.416666667 72.0
172.5 64.0
172.583333333 56.0
172.666666667 48.0
172.75 26.4
172.833333333 4.8
172.916666667 11.7
173.0 23.8
173.083333333 35.9
173.166666667 48.0
173.25 24.0
173.333333333 24.0
173.416666667 24.0
173.5 24.0
173.583333333 27.4
173.666666667 18.2666666667
173.75 9.13333333333
173.833333333 0.0
173.916666667 0.0
174.0 0.0
174.083333333 0.0
174.166666667 0.0
174.25 0.0
174.333333333 0.0
174.416666667 0.0
174.5 0.0
174.583333333 0.0
174.666666667 0.0
174.75 0.0
174.833333333 0.0
174.916666667 24.0
175.0 12.0
175.083333333 0.0
175.166666667 0.0
175.25 0.0
175.333333333 0.0
175.416666667 16.0
175.5 24.0
175.583333333 48.0
175.666666667 0.0
175.75 37.0
175.833333333 35.1
175.916666667 32.0
176.0 0.0
176.083333333 28.8
176.166666667 36.9
176.25 33.6
176.333333333 67.2
176.416666667 65.6
176.5 48.0
176.583333333 72.0
176.666666667 65.1
176.75 96.0
176.833333333 120.0
176.916666667 53.8
177.0 72.0
177.083333333 104.0
177.166666667 48.0
177.25 60.0
177.333333333 76.0
177.416666667 96.0
177.5 80.3
177.583333333 96.0
177.666666667 80.0
177.75 100.0
177.833333333 86.0
177.916666667 72.0
178.0 169.0
178.083333333 72.0
178.166666667 72.0
178.25 84.0
178.333333333 72.0
178.416666667 72.0
178.5 95.8
178.583333333 96.0
178.666666667 72.0
178.75 86.6
178.833333333 99.4
178.916666667 72.0
179.0 96.0
179.083333333 48.0
179.166666667 72.0
179.25 72.0
179.333333333 96.0
179.416666667 96.0
179.5 80.0
179.583333333 64.0
179.666666667 48.0
179.75 52.5
179.833333333 57.0
179.916666667 117.0
180.0 111.6
180.083333333 72.0
180.166666667 120.0
180.25 72.0
180.333333333 60.0
180.416666667 48.0
180.5 36.0
180.583333333 24.0
180.666666667 36.0
180.75 48.0
180.833333333 72.0
180.916666667 60.0
181.0 48.0
181.083333333 48.0
181.166666667 36.0
181.25 52.8
181.333333333 59.3
181.416666667 49.65
181.5 40.0
181.583333333 26.0
181.666666667 12.0
181.75 48.0
181.833333333 48.0
181.916666667 46.5
182.0 45.0
182.083333333 24.0
182.166666667 48.0
182.25 72.0
182.333333333 96.0
182.416666667 63.9999999999
182.5 32.0
182.583333333 0.0
182.666666667 16.0
182.75 32.0
182.833333333 48.0
182.916666667 48.0
183.0 48.0
183.083333333 48.0
183.166666667 48.0
183.25 48.0
183.333333333 85.4999999999
183.416666667 123.0
183.5 85.2666666667
183.583333333 47.5333333334
183.666666667 9.8
183.75 0.0
183.833333333 12.0
183.916666667 24.0
184.0 26.0
184.083333333 28.0
184.166666667 16.0
184.25 15.0
184.333333333 15.0
184.416666667 50.1
184.5 39.625
184.583333333 29.15
184.666666667 18.675
184.75 8.2
184.833333333 10.7
184.916666667 78.9
185.0 50.0
185.083333333 20.5
185.166666667 40.1
185.25 14.6
185.333333333 19.4
185.416666667 18.05
185.5 16.7
185.583333333 21.4
185.666666667 18.0
185.75 0.0
185.833333333 2.5
185.916666667 20.0
186.0 0.0
186.083333333 36.0
186.166666667 24.0
186.25 0.0
186.333333333 33.3
186.416666667 6.3
186.5 4.6
186.583333333 29.0
186.666666667 1.6
186.75 14.7
186.833333333 10.3
186.916666667 5.0
187.0 0.0
187.083333333 16.2
187.166666667 7.5
187.25 4.2
187.333333333 2.7
187.416666667 4.7
187.5 7.7
187.583333333 4.8
187.666666667 6.5
187.75 6.7
187.833333333 7.5
187.916666667 4.2
188.0 20.0
188.083333333 3.8
188.166666667 7.7
188.25 21.8
188.333333333 0.0
188.416666667 0.0
188.5 0.0
188.583333333 0.0
188.666666667 1.0
188.75 2.5
188.833333333 1.6
188.916666667 8.0
189.0 10.6
189.083333333 0.0
189.166666667 8.7
189.25 26.5
189.333333333 3.8
189.416666667 6.7
189.5 5.6
189.583333333 0.8
189.666666667 0.0
189.75 0.0
189.833333333 3.4
189.916666667 4.2
190.0 7.4
190.083333333 2.5
190.166666667 4.1
190.25 9.8
190.333333333 0.0
190.416666667 2.5
190.5 23.8
190.583333333 13.0
190.666666667 16.7
190.75 3.8
190.833333333 5.7
190.916666667 9.6
191.0 40.2
191.083333333 51.7
191.166666667 82.8
191.25 56.3
191.333333333 62.1
191.416666667 49.3
191.5 31.7
191.583333333 45.5
191.666666667 44.8
191.75 42.9
191.833333333 44.1
191.916666667 40.3
192.0 62.0
192.083333333 51.2
192.166666667 29.5
192.25 26.5
192.333333333 43.2
192.416666667 34.5
192.5 46.6
192.583333333 51.0
192.666666667 29.4
192.75 34.6
192.833333333 20.3
192.916666667 15.6
193.0 40.6
193.083333333 16.7
193.166666667 36.4
193.25 32.7
193.333333333 11.7
193.416666667 13.3
193.5 5.5
193.583333333 31.5
193.666666667 16.4
193.75 15.6
193.833333333 14.7
193.916666667 9.2
194.0 18.9
194.083333333 28.6
194.166666667 42.6
194.25 54.0
194.333333333 11.4
194.416666667 17.7
194.5 11.7
194.583333333 14.4
194.666666667 12.3
194.75 22.6
194.833333333 33.7
194.916666667 2.5
195.0 7.6
195.083333333 42.8
195.166666667 34.7
195.25 28.6
195.333333333 12.9
195.416666667 -1.7763568394e-15
195.5 2.4
195.583333333 15.3
195.666666667 29.4
195.75 33.7
195.833333333 13.0
195.916666667 67.0
196.0 27.8
196.083333333 17.1
196.166666667 35.1
196.25 32.0
196.333333333 13.5
196.416666667 0.0
196.5 13.0
196.583333333 9.1
196.666666667 3.0
196.75 11.7
196.833333333 25.0
196.916666667 0.0
197.0 0.0
197.083333333 0.0
197.166666667 9.8
197.25 3.0
197.333333333 26.4
197.416666667 0.0
197.5 19.9
197.583333333 0.0
197.666666667 0.0
197.75 0.0
197.833333333 0.0
197.916666667 0.4
198.0 0.0
198.083333333 0.0
198.166666667 2.6
198.25 0.0
198.333333333 10.4
198.416666667 13.0
198.5 1.9
198.583333333 1.0
198.666666667 0.0
198.75 0.8
198.833333333 0.0
198.916666667 5.2
199.0 6.5
199.083333333 7.0
199.166666667 6.5
199.25 0.0
199.333333333 0.0
199.416666667 0.0
199.5 0.8
199.583333333 0.0
199.666666667 0.0
199.75 0.0
199.833333333 0.0
199.916666667 0.0
200.0 0.0
200.083333333 0.0
200.166666667 0.0
200.25 0.0
200.333333333 0.0
200.416666667 0.0
200.5 0.0
200.583333333 0.0
200.666666667 0.0
200.75 0.0
200.833333333 0.0
200.916666667 0.0
201.0 0.0
201.083333333 0.0
201.166666667 0.0
201.25 0.0
201.333333333 0.0
201.416666667 0.0
201.5 0.0
201.583333333 0.7
201.666666667 0.0
201.75 0.8
201.833333333 2.1
201.916666667 0.0
202.0 0.0
202.083333333 8.0
202.166666667 0.6
202.25 0.0
202.333333333 0.0
202.416666667 0.0
202.5 0.0
202.583333333 0.0
202.666666667 14.0
202.75 5.5
202.833333333 1.5
202.916666667 5.9
203.0 12.2
203.083333333 0.5
203.166666667 7.8
203.25 0.0
203.333333333 8.7
203.416666667 4.5
203.5 6.0
203.583333333 12.9
203.666666667 10.5
203.75 10.9
203.833333333 17.7
203.916666667 14.6
204.0 14.9
204.083333333 11.1
204.166666667 8.1
204.25 3.6
204.333333333 15.4
204.416666667 7.5
204.5 9.4
204.583333333 16.1
204.666666667 6.8
204.75 8.5
204.833333333 17.8
204.916666667 5.2
205.0 15.7
205.083333333 14.6
205.166666667 20.5
205.25 12.7
205.333333333 17.9
205.416666667 12.4
205.5 25.0
205.583333333 25.6
205.666666667 14.1
205.75 16.0
205.833333333 13.9
205.916666667 14.9
206.0 14.6
206.083333333 22.3
206.166666667 25.3
206.25 32.9
206.333333333 46.3
206.416666667 41.1
206.5 41.9
206.583333333 31.2
206.666666667 17.3
206.75 27.2
206.833333333 32.1
206.916666667 29.1
207.0 23.1
207.083333333 20.6
207.166666667 23.6
207.25 57.0
207.333333333 18.9
207.416666667 14.8
207.5 27.8
207.583333333 34.4
207.666666667 31.8
207.75 33.7
207.833333333 23.1
207.916666667 26.9
208.0 24.0
208.083333333 23.1
208.166666667 11.5
208.25 16.7
208.333333333 21.8
208.416666667 30.8
208.5 26.0
208.583333333 18.7
208.666666667 28.6
208.75 20.6
208.833333333 24.0
208.916666667 10.9
209.0 27.7
209.083333333 32.5
209.166666667 14.8
209.25 6.5
209.333333333 18.7
209.416666667 15.6
209.5 32.1
209.583333333 16.4
209.666666667 25.6
209.75 12.6
209.833333333 19.1
209.916666667 13.5
210.0 23.2
210.083333333 14.2
210.166666667 16.8
210.25 6.0
210.333333333 13.5
210.416666667 14.7
210.5 7.9
210.583333333 7.3
210.666666667 11.5
210.75 6.7
210.833333333 7.0
210.916666667 9.5
211.0 12.8
211.083333333 12.6
211.166666667 2.6
211.25 0.3
211.333333333 5.5
211.416666667 1.3
211.5 0.1
211.583333333 1.7
211.666666667 5.8
211.75 3.0
211.833333333 14.6
211.916666667 3.9
212.0 0.0
212.083333333 0.0
212.166666667 0.0
212.25 13.6
212.333333333 9.9
212.416666667 1.4
212.5 4.4
212.583333333 5.7
212.666666667 0.3
212.75 0.0
212.833333333 0.0
212.916666667 0.0
213.0 0.5
213.083333333 0.0
213.166666667 0.0
213.25 0.4
213.333333333 0.0
213.416666667 0.0
213.5 0.0
213.583333333 0.0
213.666666667 0.0
213.75 0.0
213.833333333 0.0
213.916666667 0.0
214.0 14.2
214.083333333 15.7
214.166666667 0.5
214.25 0.0
214.333333333 13.5
214.416666667 1.8
214.5 0.0
214.583333333 0.0
214.666666667 0.1
214.75 11.8
214.833333333 17.1
214.916666667 0.0
215.0 0.2
215.083333333 6.4
215.166666667 10.9
215.25 15.0
215.333333333 1.0
215.416666667 10.5
215.5 19.8
215.583333333 21.5
215.666666667 24.5
215.75 16.3
215.833333333 15.6
215.916666667 14.5
216.0 17.3
216.083333333 13.3
216.166666667 13.4
216.25 29.8
216.333333333 14.6
216.416666667 26.4
216.5 32.8
216.583333333 46.4
216.666666667 32.1
216.75 14.2
216.833333333 40.9
216.916666667 28.1
217.0 50.7
217.083333333 28.9
217.166666667 40.0
217.25 53.1
217.333333333 46.7
217.416666667 51.2
217.5 47.5
217.583333333 35.9
217.666666667 45.5
217.75 46.3
217.833333333 48.7
217.916666667 51.3
218.0 37.7
218.083333333 54.4
218.166666667 46.4
218.25 59.8
218.333333333 53.2
218.416666667 83.3
218.5 78.3
218.583333333 52.6
218.666666667 66.5
218.75 49.5
218.833333333 49.6
218.916666667 48.4
219.0 42.5
219.083333333 44.4
219.166666667 51.1
219.25 58.8
219.333333333 77.2
219.416666667 49.8
219.5 59.2
219.583333333 81.7
219.666666667 71.8
219.75 46.5
219.833333333 54.4
219.916666667 61.6
220.0 54.4
220.083333333 34.1
220.166666667 68.2
220.25 80.6
220.333333333 101.5
220.416666667 59.5
220.5 56.7
220.583333333 38.0
220.666666667 42.8
220.75 59.1
220.833333333 83.1
220.916666667 78.8
221.0 69.1
221.083333333 25.9
221.166666667 34.6
221.25 88.5
221.333333333 50.0
221.416666667 36.9
221.5 29.8
221.583333333 40.2
221.666666667 37.8
221.75 34.1
221.833333333 42.5
221.916666667 29.5
222.0 20.7
222.083333333 34.4
222.166666667 50.8
222.25 42.7
222.333333333 22.1
222.416666667 30.0
222.5 29.0
222.583333333 8.1
222.666666667 3.9
222.75 5.4
222.833333333 13.7
222.916666667 10.6
223.0 21.6
223.083333333 12.8
223.166666667 12.3
223.25 7.1
223.333333333 1.1
223.416666667 10.7
223.5 0.3
223.583333333 6.3
223.666666667 0.8
223.75 9.3
223.833333333 6.8
223.916666667 4.4
224.0 6.5
224.083333333 1.3
224.166666667 13.8
224.25 1.8
224.333333333 2.8
224.416666667 6.9
224.5 6.5
224.583333333 2.1
224.666666667 0.9
224.75 10.0
224.833333333 20.5
224.916666667 24.0
225.0 26.8
225.083333333 5.0
225.166666667 17.1
225.25 14.0
225.333333333 44.2
225.416666667 43.2
225.5 36.7
225.583333333 50.7
225.666666667 42.2
225.75 83.8
225.833333333 71.5
225.916666667 74.8
226.0 71.7
226.083333333 69.4
226.166666667 81.9
226.25 77.5
226.333333333 112.4
226.416666667 95.6
226.5 105.5
226.583333333 116.5
226.666666667 95.7
226.75 69.0
226.833333333 113.2
226.916666667 120.9
227.0 144.3
227.083333333 160.7
227.166666667 138.4
227.25 104.8
227.333333333 114.6
227.416666667 89.4
227.5 120.1
227.583333333 120.4
227.666666667 103.2
227.75 73.5
227.833333333 91.4
227.916666667 77.9
228.0 118.9
228.083333333 86.4
228.166666667 65.1
228.25 98.4
228.333333333 99.7
228.416666667 109.6
228.5 82.3
228.583333333 92.2
228.666666667 61.0
228.75 54.5
228.833333333 62.5
228.916666667 62.8
229.0 55.0
229.083333333 78.2
229.166666667 80.0
229.25 61.5
229.333333333 46.1
229.416666667 41.4
229.5 43.7
229.583333333 73.4
229.666666667 94.0
229.75 87.4
229.833333333 61.7
229.916666667 63.1
230.0 50.3
230.083333333 59.7
230.166666667 68.6
230.25 53.2
230.333333333 50.6
230.416666667 52.6
230.5 42.3
230.583333333 42.1
230.666666667 39.9
230.75 47.8
230.833333333 41.0
230.916666667 40.3
231.0 41.6
231.083333333 21.8
231.166666667 22.4
231.25 23.4
231.333333333 25.2
231.416666667 39.5
231.5 43.0
231.583333333 22.0
231.666666667 32.0
231.75 28.0
231.833333333 22.0
231.916666667 14.3
232.0 25.5
232.083333333 14.3
232.166666667 10.8
232.25 14.7
232.333333333 17.5
232.416666667 21.2
232.5 16.2
232.583333333 9.4
232.666666667 22.1
232.75 17.0
232.833333333 35.5
232.916666667 29.9
233.0 16.9
233.083333333 9.5
233.166666667 4.5
233.25 7.5
233.333333333 7.0
233.416666667 10.2
233.5 8.8
233.583333333 7.7
233.666666667 8.4
233.75 4.2
233.833333333 4.3
233.916666667 16.0
234.0 10.7
234.083333333 11.1
234.166666667 12.1
234.25 13.2
234.333333333 14.5
234.416666667 10.8
234.5 3.0
234.583333333 16.4
234.666666667 16.7
234.75 5.0
234.833333333 16.9
234.916666667 6.1
235.0 15.7
235.083333333 20.6
235.166666667 30.0
235.25 28.9
235.333333333 36.6
235.416666667 35.4
235.5 28.3
235.583333333 27.3
235.666666667 23.3
235.75 24.4
235.833333333 32.3
235.916666667 31.2
236.0 39.9
236.083333333 40.5
236.166666667 42.3
236.25 40.3
236.333333333 42.1
236.416666667 41.9
236.5 41.1
236.583333333 29.4
236.666666667 45.1
236.75 82.2
236.833333333 30.4
236.916666667 39.8
237.0 50.8
237.083333333 33.5
237.166666667 36.2
237.25 62.5
237.333333333 30.0
237.416666667 38.8
237.5 46.2
237.583333333 30.8
237.666666667 62.2
237.75 95.3
237.833333333 88.7
237.916666667 87.3
238.0 83.9
238.083333333 113.7
238.166666667 82.8
238.25 71.9
238.333333333 58.5
238.416666667 67.8
238.5 81.8
238.583333333 91.3
238.666666667 92.2
238.75 68.9
238.833333333 105.2
238.916666667 78.7
239.0 117.1
239.083333333 130.9
239.166666667 126.5
239.25 78.5
239.333333333 81.3
239.416666667 63.2
239.5 64.5
239.583333333 77.9
239.666666667 63.6
239.75 83.9
239.833333333 70.8
239.916666667 87.2
240.0 76.2
240.083333333 70.5
240.166666667 77.8
240.25 67.3
240.333333333 36.9
240.416666667 55.1
240.5 68.1
240.583333333 38.1
240.666666667 46.2
240.75 64.0
240.833333333 53.0
240.916666667 41.8
241.0 41.5
241.083333333 63.3
241.166666667 93.4
241.25 57.1
241.333333333 52.3
241.416666667 58.5
241.5 58.5
241.583333333 35.2
241.666666667 56.3
241.75 63.4
241.833333333 44.7
241.916666667 45.6
242.0 69.0
242.083333333 63.9
242.166666667 58.3
242.25 58.6
242.333333333 61.0
242.416666667 53.1
242.5 42.0
242.583333333 36.5
242.666666667 37.5
242.75 38.1
242.833333333 60.8
242.916666667 46.6
243.0 40.8
243.083333333 40.0
243.166666667 39.4
243.25 37.0
243.333333333 39.6
243.416666667 27.4
243.5 37.1
243.583333333 39.9
243.666666667 47.8
243.75 34.1
243.833333333 39.4
243.916666667 26.4
244.0 19.1
244.083333333 11.8
244.166666667 16.6
244.25 16.7
244.333333333 25.7
244.416666667 19.5
244.5 19.1
244.583333333 16.3
244.666666667 15.2
244.75 19.1
244.833333333 12.6
244.916666667 20.6
245.0 13.8
245.083333333 7.4
245.166666667 7.9
245.25 12.9
245.333333333 2.0
245.416666667 8.4
245.5 3.3
245.583333333 0.0
245.666666667 2.1
245.75 0.2
245.833333333 6.5
245.916666667 1.6
246.0 1.4
246.083333333 0.0
246.166666667 0.4
246.25 0.0
246.333333333 4.6
246.416666667 0.0
246.5 4.8
246.583333333 4.4
246.666666667 5.3
246.75 3.5
246.833333333 4.4
246.916666667 5.4
247.0 4.1
247.083333333 7.9
247.166666667 5.2
247.25 1.9
247.333333333 6.1
247.416666667 20.8
247.5 10.5
247.583333333 15.8
247.666666667 16.6
247.75 32.6
247.833333333 32.9
247.916666667 28.0
248.0 30.1
248.083333333 33.4
248.166666667 28.7
248.25 50.9
248.333333333 29.3
248.416666667 37.0
248.5 36.6
248.583333333 48.3
248.666666667 45.6
248.75 70.3
248.833333333 62.7
248.916666667 39.7
249.0 50.1
249.083333333 66.2
249.166666667 72.6
249.25 63.7
249.333333333 66.6
249.416666667 67.9
249.5 75.7
249.583333333 85.2
249.666666667 76.9
249.75 80.1
249.833333333 94.7
249.916666667 83.1
250.0 74.7
250.083333333 72.1
250.166666667 67.7
250.25 88.0
250.333333333 69.7
250.416666667 96.1
250.5 95.2
250.583333333 103.4
250.666666667 85.8
250.75 92.8
250.833333333 82.1
250.916666667 90.3
251.0 84.0
251.083333333 58.9
251.166666667 72.4
251.25 90.1
251.333333333 86.8
251.416666667 55.9
251.5 80.1
251.583333333 72.5
251.666666667 75.5
251.75 71.5
251.833333333 61.6
251.916666667 47.5
252.0 75.3
252.083333333 48.2
252.166666667 51.7
252.25 43.8
252.333333333 47.9
252.416666667 58.0
252.5 68.1
252.583333333 55.4
252.666666667 56.5
252.75 53.3
252.833333333 44.8
252.916666667 43.5
253.0 34.9
253.083333333 37.8
253.166666667 47.0
253.25 58.8
253.333333333 42.0
253.416666667 55.1
253.5 43.3
253.583333333 34.6
253.666666667 45.6
253.75 20.7
253.833333333 30.0
253.916666667 35.5
254.0 39.9
254.083333333 42.1
254.166666667 36.6
254.25 57.5
254.333333333 28.0
254.416666667 30.4
254.5 40.9
254.583333333 34.7
254.666666667 33.7
254.75 24.3
254.833333333 26.2
254.916666667 40.3
255.0 18.9
255.083333333 34.7
255.166666667 34.6
255.25 27.9
255.333333333 24.4
255.416666667 25.7
255.5 21.4
255.583333333 21.5
255.666666667 22.6
255.75 14.0
255.833333333 11.7
255.916666667 20.2
256.0 12.2
256.083333333 22.4
256.166666667 23.5
256.25 23.0
256.333333333 15.8
256.416666667 11.3
256.5 13.5
256.583333333 10.2
256.666666667 11.4
256.75 7.4
256.833333333 15.3
256.916666667 10.4
257.0 0.3
257.083333333 0.4
257.166666667 0.0
257.25 7.0
257.333333333 3.9
257.416666667 3.7
257.5 2.1
257.583333333 4.8
257.666666667 5.4
257.75 6.2
257.833333333 10.8
257.916666667 9.7
258.0 20.1
258.083333333 9.3
258.166666667 11.3
258.25 17.4
258.333333333 23.0
258.416666667 20.5
258.5 24.9
258.583333333 19.6
258.666666667 28.0
258.75 38.8
258.833333333 50.0
258.916666667 49.8
259.0 54.0
259.083333333 54.5
259.166666667 55.3
259.25 52.7
259.333333333 35.0
259.416666667 74.1
259.5 91.0
259.583333333 56.0
259.666666667 67.1
259.75 63.5
259.833333333 55.0
259.916666667 61.0
260.0 82.2
260.083333333 63.6
260.166666667 85.1
260.25 96.4
260.333333333 100.3
260.416666667 122.2
260.5 99.8
260.583333333 106.8
260.666666667 94.5
260.75 84.7
260.833333333 99.8
260.916666667 104.8
261.0 96.0
261.083333333 70.8
261.166666667 96.6
261.25 111.1
261.333333333 116.7
261.416666667 112.5
261.5 88.2
261.583333333 82.4
261.666666667 72.8
261.75 68.2
261.833333333 67.2
261.916666667 85.9
262.0 70.1
262.083333333 60.3
262.166666667 81.4
262.25 78.2
262.333333333 80.3
262.416666667 91.5
262.5 91.1
262.583333333 88.7
262.666666667 79.9
262.75 86.9
262.833333333 87.9
262.916666667 69.1
263.0 66.4
263.083333333 66.3
263.166666667 74.4
263.25 74.7
263.333333333 64.4
263.416666667 39.0
263.5 37.1
263.583333333 52.3
263.666666667 50.1
263.75 44.7
263.833333333 41.4
263.916666667 41.8
264.0 34.3
264.083333333 43.9
264.166666667 56.7
264.25 33.5
264.333333333 27.5
264.416666667 31.8
264.5 35.3
264.583333333 50.6
264.666666667 45.6
264.75 27.4
264.833333333 26.7
264.916666667 19.8
265.0 21.3
265.083333333 16.4
265.166666667 17.6
265.25 29.3
265.333333333 24.6
265.416666667 10.5
265.5 16.6
265.583333333 11.3
265.666666667 11.4
265.75 6.7
265.833333333 14.1
265.916666667 16.5
266.0 11.0
266.083333333 11.7
266.166666667 11.3
266.25 22.5
266.333333333 4.6
266.416666667 4.9
266.5 3.6
266.583333333 14.4
266.666666667 5.8
266.75 7.1
266.833333333 9.5
266.916666667 9.5
267.0 4.4
267.083333333 14.1
267.166666667 7.2
267.25 9.4
267.333333333 11.4
267.416666667 15.8
267.5 7.8
267.583333333 3.5
267.666666667 5.0
267.75 11.9
267.833333333 3.9
267.916666667 9.7
268.0 2.1
268.083333333 2.3
268.166666667 4.5
268.25 5.8
268.333333333 0.0
268.416666667 3.4
268.5 6.1
268.583333333 0.0
268.666666667 0.0
268.75 4.8
268.833333333 1.2
268.916666667 3.8
269.0 0.0
269.083333333 0.6
269.166666667 0.1
269.25 0.0
269.333333333 4.8
269.416666667 2.4
269.5 2.8
269.583333333 6.4
269.666666667 7.9
269.75 6.1
269.833333333 8.0
269.916666667 8.4
270.0 4.8
270.083333333 20.5
270.166666667 19.4
270.25 15.5
270.333333333 13.8
270.416666667 15.5
270.5 25.0
270.583333333 18.8
270.666666667 34.6
270.75 50.3
270.833333333 36.4
270.916666667 23.5
271.0 24.3
271.083333333 32.9
271.166666667 48.8
271.25 42.0
271.333333333 48.4
271.416666667 38.9
271.5 49.2
271.583333333 64.8
271.666666667 43.5
271.75 41.9
271.833333333 49.5
271.916666667 41.8
272.0 41.1
272.083333333 42.2
272.166666667 58.2
272.25 57.3
272.333333333 71.0
272.416666667 46.0
272.5 36.4
272.583333333 39.0
272.666666667 35.4
272.75 42.7
272.833333333 41.3
272.916666667 68.2
273.0 36.7
273.083333333 49.5
273.166666667 41.7
273.25 39.2
273.333333333 63.4
273.416666667 33.5
273.5 53.9
273.583333333 62.9
273.666666667 45.4
273.75 49.4
273.833333333 68.0
273.916666667 79.3
274.0 70.7
274.083333333 86.0
274.166666667 81.5
274.25 82.5
274.333333333 64.6
274.416666667 69.7
274.5 59.2
274.583333333 51.1
274.666666667 51.4
274.75 60.3
274.833333333 45.5
274.916666667 37.6
275.0 51.5
275.083333333 45.4
275.166666667 65.0
275.25 39.8
275.333333333 43.2
275.416666667 72.1
275.5 63.6
275.583333333 56.1
275.666666667 45.6
275.75 39.9
275.833333333 39.5
275.916666667 31.8
276.0 26.3
276.083333333 22.7
276.166666667 23.0
276.25 47.9
276.333333333 38.8
276.416666667 24.4
276.5 27.2
276.583333333 25.7
276.666666667 16.7
276.75 21.4
276.833333333 10.3
276.916666667 0.1
277.0 13.1
277.083333333 11.6
277.166666667 14.8
277.25 6.8
277.333333333 7.5
277.416666667 18.1
277.5 16.8
277.583333333 22.8
277.666666667 17.8
277.75 6.3
277.833333333 9.1
277.916666667 6.6
278.0 14.1
278.083333333 16.3
278.166666667 5.2
278.25 6.8
278.333333333 8.2
278.416666667 5.3
278.5 6.5
278.583333333 4.4
278.666666667 8.1
278.75 12.0
278.833333333 1.5
278.916666667 10.2
279.0 6.4
279.083333333 0.2
279.166666667 5.5
279.25 7.2
279.333333333 4.6
279.416666667 2.3
279.5 5.6
279.583333333 11.9
279.666666667 15.8
279.75 6.9
279.833333333 2.7
279.916666667 0.1
280.0 6.9
280.083333333 6.3
280.166666667 0.4
280.25 4.7
280.333333333 3.8
280.416666667 8.1
280.5 2.5
280.583333333 12.4
280.666666667 9.2
280.75 19.1
280.833333333 9.4
280.916666667 7.6
281.0 10.1
281.083333333 16.4
281.166666667 27.8
281.25 17.2
281.333333333 27.7
281.416666667 50.3
281.5 50.0
281.583333333 48.5
281.666666667 43.2
281.75 49.3
281.833333333 54.1
281.916666667 45.2
282.0 37.4
282.083333333 69.7
282.166666667 62.6
282.25 49.7
282.333333333 68.6
282.416666667 71.9
282.5 79.5
282.583333333 65.6
282.666666667 86.4
282.75 65.4
282.833333333 62.3
282.916666667 57.1
283.0 80.8
283.083333333 68.7
283.166666667 63.2
283.25 69.6
283.333333333 91.1
283.416666667 98.5
283.5 92.4
283.583333333 93.5
283.666666667 126.7
283.75 79.1
283.833333333 99.7
283.916666667 81.8
284.0 90.0
284.083333333 110.2
284.166666667 101.7
284.25 70.0
284.333333333 80.9
284.416666667 100.8
284.5 106.8
284.583333333 114.8
284.666666667 77.4
284.75 81.9
284.833333333 70.8
284.916666667 71.6
285.0 69.1
285.083333333 70.9
285.166666667 86.0
285.25 67.9
285.333333333 83.3
285.416666667 70.2
285.5 71.3
285.583333333 59.5
285.666666667 67.0
285.75 62.8
285.833333333 58.2
285.916666667 52.8
286.0 80.1
286.083333333 39.3
286.166666667 49.9
286.25 47.6
286.333333333 43.0
286.416666667 25.9
286.5 39.9
286.583333333 45.5
286.666666667 27.2
286.75 43.8
286.833333333 31.7
286.916666667 39.7
287.0 43.0
287.083333333 43.2
287.166666667 34.9
287.25 36.9
287.333333333 43.0
287.416666667 21.7
287.5 15.6
287.583333333 36.3
287.666666667 23.3
287.75 52.1
287.833333333 19.4
287.916666667 8.6
288.0 32.5
288.083333333 37.4
288.166666667 36.6
288.25 29.9
288.333333333 15.1
288.416666667 29.8
288.5 22.9
288.583333333 9.7
288.666666667 29.3
288.75 24.9
288.833333333 33.0
288.916666667 30.4
289.0 13.6
289.083333333 21.5
289.166666667 9.3
289.25 14.4
289.333333333 19.7
289.416666667 8.7
289.5 18.5
289.583333333 17.0
289.666666667 2.1
289.75 6.3
289.833333333 8.8
289.916666667 8.0
290.0 13.3
290.083333333 10.0
290.166666667 12.6
290.25 7.3
290.333333333 18.1
290.416666667 13.6
290.5 11.8
290.583333333 8.1
290.666666667 4.3
290.75 8.5
290.833333333 10.2
290.916666667 5.1
291.0 0.0
291.083333333 0.0
291.166666667 1.7
291.25 4.8
291.333333333 0.1
291.416666667 5.9
291.5 8.1
291.583333333 0.9
291.666666667 0.1
291.75 0.2
291.833333333 2.5
291.916666667 5.5
292.0 0.0
292.083333333 4.5
292.166666667 0.0
292.25 7.2
292.333333333 0.0
292.416666667 3.9
292.5 1.5
292.583333333 0.7
292.666666667 1.0
292.75 7.5
292.833333333 13.7
292.916666667 4.8
293.0 0.5
293.083333333 7.8
293.166666667 22.8
293.25 12.9
293.333333333 26.3
293.416666667 15.7
293.5 16.6
293.583333333 27.9
293.666666667 28.0
293.75 12.2
293.833333333 25.4
293.916666667 35.3
294.0 58.9
294.083333333 33.1
294.166666667 23.9
294.25 45.7
294.333333333 44.0
294.416666667 51.2
294.5 41.7
294.583333333 51.1
294.666666667 51.6
294.75 32.7
294.833333333 57.4
294.916666667 47.8
295.0 63.5
295.083333333 63.2
295.166666667 79.4
295.25 43.8
295.333333333 44.1
295.416666667 47.1
295.5 52.4
295.583333333 57.1
295.666666667 67.4
295.75 65.8
295.833333333 50.5
295.916666667 97.4
296.0 64.0
296.083333333 51.1
296.166666667 34.9
296.25 69.1
296.333333333 54.2
296.416666667 52.8
296.5 64.1
296.583333333 111.6
296.666666667 51.8
296.75 61.3
296.833333333 16.9
296.916666667 40.1
297.0 66.5
297.083333333 79.9
297.166666667 92.8
297.25 69.2
297.333333333 51.6
297.416666667 41.3
297.5 32.9
297.583333333 43.2
297.666666667 60.7
297.75 84.2
297.833333333 69.8
297.916666667 59.6
298.0 51.3
298.083333333 52.4
298.166666667 45.9
298.25 39.3
298.333333333 68.3
298.416666667 55.8
298.5 54.0
298.583333333 48.2
298.666666667 65.1
298.75 75.3
298.833333333 39.5
298.916666667 45.1
299.0 48.0
299.083333333 60.2
299.166666667 49.7
299.25 59.8
299.333333333 37.4
299.416666667 34.1
299.5 28.1
299.583333333 35.8
299.666666667 34.4
299.75 34.3
299.833333333 62.0
299.916666667 60.0
300.0 61.1
300.083333333 38.1
300.166666667 27.7
300.25 24.9
300.333333333 12.2
300.416666667 30.1
300.5 15.1
300.583333333 18.3
300.666666667 13.5
300.75 29.7
300.833333333 34.6
300.916666667 6.4
301.0 6.9
301.083333333 5.4
301.166666667 9.7
301.25 10.5
301.333333333 26.8
301.416666667 15.0
301.5 5.2
301.583333333 5.6
301.666666667 6.4
301.75 5.0
301.833333333 3.3
301.916666667 6.7
302.0 2.7
302.083333333 0.0
302.166666667 0.0
302.25 5.4
302.333333333 3.1
302.416666667 4.1
302.5 7.0
302.583333333 3.4
302.666666667 4.4408920985e-16
302.75 9.8
302.833333333 3.3
302.916666667 0.0
303.0 7.1
303.083333333 1.8
303.166666667 4.3
303.25 0.5
303.333333333 1.4
303.416666667 0.0
303.5 0.0
303.583333333 2.7
303.666666667 0.0
303.75 0.8
303.833333333 4.5
303.916666667 0.1
304.0 3.4
304.083333333 3.5
304.166666667 3.1
304.25 4.6
304.333333333 17.7
304.416666667 6.9
304.5 10.3
304.583333333 8.2
304.666666667 8.6
304.75 20.2
304.833333333 9.7
304.916666667 22.3
305.0 33.6
305.083333333 29.7
305.166666667 48.8
305.25 52.6
305.333333333 45.6
305.416666667 40.8
305.5 57.8
305.583333333 67.5
305.666666667 63.7
305.75 52.6
305.833333333 48.6
305.916666667 52.5
306.0 46.3
306.083333333 60.5
306.166666667 68.7
306.25 65.7
306.333333333 74.1
306.416666667 83.4
306.5 73.4
306.583333333 64.3
306.666666667 52.5
306.75 57.6
306.833333333 61.3
306.916666667 76.5
307.0 66.7
307.083333333 89.4
307.166666667 75.9
307.25 100.0
307.333333333 80.1
307.416666667 106.6
307.5 133.6
307.583333333 121.3
307.666666667 157.1
307.75 134.3
307.833333333 80.5
307.916666667 101.2
308.0 141.4
308.083333333 104.3
308.166666667 74.9
308.25 81.9
308.333333333 89.8
308.416666667 91.3
308.5 71.4
308.583333333 115.0
308.666666667 102.2
308.75 84.7
308.833333333 92.2
308.916666667 95.7
309.0 67.3
309.083333333 55.2
309.166666667 74.1
309.25 72.2
309.333333333 58.6
309.416666667 80.3
309.5 123.0
309.583333333 88.6
309.666666667 82.5
309.75 67.0
309.833333333 60.7
309.916666667 45.9
310.0 51.5
310.083333333 40.8
310.166666667 68.7
310.25 56.5
310.333333333 23.6
310.416666667 54.9
310.5 51.3
310.583333333 40.3
310.666666667 26.5
310.75 32.9
310.833333333 56.7
310.916666667 32.0
311.0 37.9
311.083333333 34.0
311.166666667 31.7
311.25 34.0
311.333333333 39.9
311.416666667 19.0
311.5 40.0
311.583333333 42.9
311.666666667 23.1
311.75 20.5
311.833333333 20.9
311.916666667 18.4
312.0 19.4
312.083333333 16.3
312.166666667 26.5
312.25 45.6
312.333333333 17.3
312.416666667 8.8
312.5 8.6
312.583333333 12.8
312.666666667 7.8
312.75 7.2
312.833333333 9.0
312.916666667 9.7
313.0 19.9
313.083333333 4.6
313.166666667 2.1
313.25 3.4
313.333333333 7.4
313.416666667 4.4
313.5 9.5
313.583333333 4.8
313.666666667 0.3
313.75 15.7
313.833333333 16.4
313.916666667 9.9
314.0 4.0
314.083333333 0.1
314.166666667 3.7
314.25 2.7
314.333333333 8.1
314.416666667 26.5
314.5 21.2
314.583333333 34.1
314.666666667 27.5
314.75 26.3
314.833333333 29.2
314.916666667 17.1
315.0 21.5
315.083333333 6.6
315.166666667 30.3
315.25 17.3
315.333333333 44.8
315.416666667 48.2
315.5 58.9
315.583333333 48.4
315.666666667 43.8
315.75 78.8
315.833333333 78.1
315.916666667 52.2
316.0 107.1
316.083333333 80.6
316.166666667 74.9
316.25 69.7
316.333333333 52.7
316.416666667 68.2
316.5 82.7
316.583333333 59.8
316.666666667 66.2
316.75 65.9
316.833333333 72.8
316.916666667 73.0
317.0 82.6
317.083333333 79.9
317.166666667 111.7
317.25 88.2
317.333333333 108.5
317.416666667 94.3
317.5 68.6
317.583333333 62.1
317.666666667 51.8
317.75 78.2
317.833333333 74.1
317.916666667 67.2
318.0 46.4
318.083333333 84.1
318.166666667 83.4
318.25 86.5
318.333333333 92.7
318.416666667 69.3
318.5 93.6
318.583333333 94.1
318.666666667 102.7
318.75 79.0
318.833333333 70.8
318.916666667 65.8
319.0 66.0
319.083333333 67.2
319.166666667 76.3
319.25 52.4
319.333333333 61.2
319.416666667 71.0
319.5 89.6
319.583333333 87.5
319.666666667 84.0
319.75 52.4
319.833333333 49.7
319.916666667 79.5
320.0 121.8
320.083333333 80.8
320.166666667 64.1
320.25 40.5
320.333333333 47.5
320.416666667 42.8
320.5 38.8
320.583333333 33.0
320.666666667 33.2
320.75 44.7
320.833333333 29.8
320.916666667 38.3
321.0 37.0
321.083333333 18.2
321.166666667 41.0
321.25 34.1
321.333333333 43.0
321.416666667 30.5
321.5 18.3
321.583333333 25.4
321.666666667 19.8
321.75 27.0
321.833333333 13.4
321.916666667 19.5
322.0 21.2
322.083333333 18.0
322.166666667 11.9
322.25 13.9
322.333333333 10.0
322.416666667 24.2
322.5 25.3
322.583333333 12.7
322.666666667 9.8
322.75 5.6
322.833333333 12.8
322.916666667 6.2
323.0 11.6
323.083333333 15.5
323.166666667 15.8
323.25 11.4
323.333333333 3.0
323.416666667 4.3
323.5 6.6
323.583333333 4.3
323.666666667 0.5
323.75 6.1
323.833333333 3.1
323.916666667 0.4
324.0 0.4
324.083333333 4.2
324.166666667 10.7
324.25 5.8
324.333333333 11.6
324.416666667 18.1
324.5 7.1
324.583333333 13.8
324.666666667 9.5
324.75 5.9
324.833333333 8.7
324.916666667 10.0
325.0 19.8
325.083333333 23.0
325.166666667 23.1
325.25 28.0
325.333333333 15.3
325.416666667 34.3
325.5 49.6
325.583333333 37.5
325.666666667 39.2
325.75 54.1
325.833333333 73.5
325.916666667 66.9
326.0 69.6
326.083333333 65.7
326.166666667 87.8
326.25 83.4
326.333333333 90.7
326.416666667 71.7
326.5 79.9
326.583333333 60.2
326.666666667 92.4
326.75 88.2
326.833333333 98.6
326.916666667 114.5
327.0 133.2
327.083333333 143.5
327.166666667 154.5
327.25 104.0
327.333333333 103.6
327.416666667 119.9
327.5 121.2
327.583333333 139.6
327.666666667 143.7
327.75 116.5
327.833333333 114.3
327.916666667 95.7
328.0 90.7
328.083333333 96.4
328.166666667 110.5
328.25 86.2
328.333333333 104.9
328.416666667 138.4
328.5 109.3
328.583333333 153.2
328.666666667 140.0
328.75 95.2
328.833333333 105.7
328.916666667 117.5
329.0 105.7
329.083333333 102.4
329.166666667 93.2
329.25 76.5
329.333333333 123.8
329.416666667 137.5
329.5 119.1
329.583333333 89.8
329.666666667 98.5
329.75 101.5
329.833333333 92.9
329.916666667 73.2
330.0 59.4
330.083333333 49.3
330.166666667 63.7
330.25 87.3
330.333333333 75.6
330.416666667 59.1
330.5 84.4
330.583333333 76.2
330.666666667 92.1
330.75 65.5
330.833333333 57.2
330.916666667 69.9
331.0 79.8
331.083333333 53.3
331.166666667 54.6
331.25 55.1
331.333333333 37.7
331.416666667 36.8
331.5 57.0
331.583333333 62.5
331.666666667 63.5
331.75 57.2
331.833333333 44.8
331.916666667 36.8
332.0 39.3
332.083333333 40.5
332.166666667 52.4
332.25 49.0
332.333333333 62.5
332.416666667 30.9
332.5 13.5
332.583333333 17.8
332.666666667 24.3
332.75 21.6
332.833333333 22.2
332.916666667 30.6
333.0 27.9
333.083333333 16.0
333.166666667 23.4
333.25 20.8
333.333333333 20.7
333.416666667 15.7
333.5 10.4
333.583333333 11.6
333.666666667 25.1
333.75 8.4
333.833333333 8.1
333.916666667 10.8
334.0 15.1
334.083333333 4.4
334.166666667 0.6
334.25 10.7
334.333333333 0.0
334.416666667 1.8
334.5 7.0
334.583333333 5.6
334.666666667 21.1
334.75 11.5
334.833333333 21.8
334.916666667 13.8
335.0 30.5
335.083333333 26.3
335.166666667 15.3
335.25 21.4
335.333333333 30.9
335.416666667 38.6
335.5 42.4
335.583333333 44.2
335.666666667 29.5
335.75 37.5
335.833333333 69.7
335.916666667 59.3
336.0 32.4
336.083333333 51.9
336.166666667 91.1
336.25 84.4
336.333333333 86.9
336.416666667 86.2
336.5 85.1
336.583333333 97.7
336.666666667 102.7
336.75 102.3
336.833333333 119.8
336.916666667 126.6
337.0 108.7
337.083333333 119.0
337.166666667 124.6
337.25 127.6
337.333333333 137.8
337.416666667 182.4
337.5 152.7
337.583333333 150.0
337.666666667 161.0
337.75 157.1
337.833333333 158.2
337.916666667 147.1
338.0 121.3
338.083333333 127.0
338.166666667 100.3
338.25 95.5
338.333333333 168.0
338.416666667 142.6
338.5 139.1
338.583333333 126.6
338.666666667 150.1
338.75 125.2
338.833333333 125.9
338.916666667 103.7
339.0 125.5
339.083333333 118.3
339.166666667 157.7
339.25 162.4
339.333333333 148.9
339.416666667 115.8
339.5 116.1
339.583333333 118.7
339.666666667 110.0
339.75 127.7
339.833333333 118.0
339.916666667 135.5
340.0 122.1
340.083333333 97.1
340.166666667 85.6
340.25 111.4
340.333333333 88.3
340.416666667 94.3
340.5 75.8
340.583333333 75.5
340.666666667 78.0
340.75 52.7
340.833333333 54.8
340.916666667 50.3
341.0 47.9
341.083333333 46.8
341.166666667 52.6
341.25 52.1
341.333333333 67.2
341.416666667 81.4
341.5 64.3
341.583333333 61.7
341.666666667 52.3
341.75 74.3
341.833333333 48.8
341.916666667 61.1
342.0 37.1
342.083333333 38.3
342.166666667 21.2
342.25 21.9
342.333333333 26.9
342.416666667 23.5
342.5 41.2
342.583333333 34.3
342.666666667 52.5
342.75 28.7
342.833333333 20.5
342.916666667 16.0
343.0 30.4
343.083333333 27.4
343.166666667 4.7
343.25 10.5
343.333333333 23.6
343.416666667 12.1
343.5 19.9
343.583333333 6.4
343.666666667 23.6
343.75 23.4
343.833333333 7.4
343.916666667 1.8
344.0 2.3
344.083333333 0.0
344.166666667 0.5
344.25 5.8
344.333333333 2.7
344.416666667 0.4
344.5 0.0
344.583333333 6.0
344.666666667 8.7
344.75 0.7
344.833333333 9.5
344.916666667 10.9
345.0 7.7
345.083333333 24.8
345.166666667 23.8
345.25 6.1
345.333333333 14.5
345.416666667 26.6
345.5 22.6
345.583333333 32.9
345.666666667 37.1
345.75 53.6
345.833333333 62.4
345.916666667 79.4
346.0 73.0
346.083333333 68.3
346.166666667 111.0
346.25 120.9
346.333333333 121.5
346.416666667 117.8
346.5 105.0
346.583333333 116.0
346.666666667 154.3
346.75 164.9
346.833333333 133.2
346.916666667 144.9
347.0 155.9
347.083333333 145.2
347.166666667 128.5
347.25 145.4
347.333333333 159.6
347.416666667 139.5
347.5 157.6
347.583333333 168.9
347.666666667 141.3
347.75 164.1
347.833333333 222.1
347.916666667 199.8
348.0 219.0
348.083333333 220.0
348.166666667 162.7
348.25 156.9
348.333333333 187.8
348.416666667 184.8
348.5 155.8
348.583333333 167.0
348.666666667 181.6
348.75 188.0
348.833333333 173.8
348.916666667 146.7
349.0 176.5
349.083333333 212.6
349.166666667 144.8
349.25 174.2
349.333333333 160.1
349.416666667 145.2
349.5 159.6
349.583333333 142.0
349.666666667 170.6
349.75 139.9
349.833333333 117.5
349.916666667 110.6
350.0 117.2
350.083333333 146.4
350.166666667 100.3
350.25 99.0
350.333333333 98.9
350.416666667 109.6
350.5 105.2
350.583333333 105.3
350.666666667 110.0
350.75 129.4
350.833333333 76.9
350.916666667 74.2
351.0 90.4
351.083333333 48.5
351.166666667 46.4
351.25 58.8
351.333333333 62.6
351.416666667 45.0
351.5 65.5
351.583333333 58.9
351.666666667 51.9
351.75 43.5
351.833333333 39.4
351.916666667 34.2
352.0 34.6
352.083333333 27.2
352.166666667 37.3
352.25 36.0
352.333333333 37.8
352.416666667 35.5
352.5 40.2
352.583333333 19.4
352.666666667 16.5
352.75 42.9
352.833333333 36.0
352.916666667 24.6
353.0 23.4
353.083333333 22.2
353.166666667 24.2
353.25 16.8
353.333333333 23.2
353.416666667 36.5
353.5 31.9
353.583333333 18.8
353.666666667 29.3
353.75 28.7
353.833333333 27.9
353.916666667 22.4
354.0 11.8
354.083333333 16.9
354.166666667 17.0
354.25 15.1
354.333333333 8.1
354.416666667 9.1
354.5 9.2
354.583333333 3.7
354.666666667 9.0
354.75 4.9
354.833333333 5.6
354.916666667 5.9
355.0 18.0
355.083333333 20.3
355.166666667 20.0
355.25 13.4
355.333333333 7.9
355.416666667 20.2
355.5 13.6
355.583333333 9.7
355.666666667 7.5
355.75 15.8
355.833333333 16.1
355.916666667 14.6
356.0 15.8
356.083333333 21.7
356.166666667 24.0
356.25 16.3
356.333333333 34.0
356.416666667 36.8
356.5 50.1
356.583333333 60.3
356.666666667 54.7
356.75 39.3
356.833333333 58.8
356.916666667 60.0
357.0 69.3
357.083333333 104.0
357.166666667 100.5
357.25 102.7
357.333333333 81.0
357.416666667 90.9
357.5 72.9
357.583333333 91.8
357.666666667 97.5
357.75 85.0
357.833333333 94.3
357.916666667 98.9
358.0 129.7
358.083333333 103.5
358.166666667 101.9
358.25 93.5
358.333333333 86.5
358.416666667 132.3
358.5 107.5
358.583333333 87.6
358.666666667 102.4
358.75 116.7
358.833333333 84.0
358.916666667 76.2
359.0 86.2
359.083333333 87.9
359.166666667 96.9
359.25 120.0
359.333333333 93.3
359.416666667 112.3
359.5 95.6
359.583333333 93.9
359.666666667 80.0
359.75 90.3
359.833333333 83.6
359.916666667 83.8
360.0 113.8
360.083333333 112.1
360.166666667 126.3
360.25 105.4
360.333333333 106.0
360.416666667 127.7
360.5 101.6
360.583333333 114.6
360.666666667 98.8
360.75 117.8
360.833333333 92.3
360.916666667 104.5
361.0 94.5
361.083333333 88.0
361.166666667 84.0
361.25 74.4
361.333333333 89.1
361.416666667 61.5
361.5 60.0
361.583333333 88.8
361.666666667 66.8
361.75 52.5
361.833333333 53.8
361.916666667 69.6
362.0 93.3
362.083333333 66.6
362.166666667 84.1
362.25 86.2
362.333333333 74.1
362.416666667 62.3
362.5 86.0
362.583333333 91.3
362.666666667 79.1
362.75 77.3
362.833333333 67.3
362.916666667 46.7
363.0 43.0
363.083333333 42.4
363.166666667 52.5
363.25 43.5
363.333333333 47.5
363.416666667 37.7
363.5 44.4
363.583333333 24.0
363.666666667 31.5
363.75 64.4
363.833333333 36.5
363.916666667 23.2
364.0 23.4
364.083333333 33.5
364.166666667 27.5
364.25 24.8
364.333333333 32.3
364.416666667 39.3
364.5 30.2
364.583333333 48.0
364.666666667 43.1
364.75 42.9
364.833333333 41.7
364.916666667 25.2
365.0 20.2
365.083333333 22.2
365.166666667 10.1
365.25 9.8
365.333333333 4.7
365.416666667 8.3
365.5 12.0
365.583333333 31.7
365.666666667 28.0
365.75 17.7
365.833333333 10.3
365.916666667 17.7
366.0 8.1
366.083333333 8.6
366.166666667 4.4
366.25 17.0
366.333333333 21.1
366.416666667 15.3
366.5 13.8
366.583333333 2.9
366.666666667 18.1
366.75 15.8
366.833333333 23.4
366.916666667 5.5
367.0 16.3
367.083333333 18.4
367.166666667 23.2
367.25 12.5
367.333333333 13.1
367.416666667 19.7
367.5 31.2
367.583333333 24.5
367.666666667 33.5
367.75 43.8
367.833333333 54.8
367.916666667 38.9
368.0 48.1
368.083333333 60.2
368.166666667 99.1
368.25 92.6
368.333333333 117.6
368.416666667 91.5
368.5 106.6
368.583333333 78.8
368.666666667 67.5
368.75 129.9
368.833333333 150.3
368.916666667 108.8
369.0 129.0
369.083333333 179.4
369.166666667 145.7
369.25 166.0
369.333333333 96.2
369.416666667 154.6
369.5 151.3
369.583333333 156.9
369.666666667 135.0
369.75 166.1
369.833333333 175.1
369.916666667 174.1
370.0 167.5
370.083333333 143.5
370.166666667 126.2
370.25 128.7
370.333333333 115.4
370.416666667 155.1
370.5 153.4
370.583333333 142.3
370.666666667 145.4
370.75 144.7
370.833333333 150.1
370.916666667 123.2
371.0 165.4
371.083333333 126.6
371.166666667 127.0
371.25 142.5
371.333333333 149.8
371.416666667 133.9
371.5 93.7
371.583333333 137.5
371.666666667 149.6
371.75 180.7
371.833333333 150.2
371.916666667 139.8
372.0 160.0
372.083333333 127.1
372.166666667 157.8
372.25 153.3
372.333333333 138.1
372.416666667 94.3
372.5 101.1
372.583333333 86.2
372.666666667 106.5
372.75 119.6
372.833333333 100.9
372.916666667 103.7
373.0 108.7
373.083333333 100.5
373.166666667 65.4
373.25 74.7
373.333333333 82.2
373.416666667 96.2
373.5 84.8
373.583333333 89.0
373.666666667 75.8
373.75 58.5
373.833333333 58.1
373.916666667 36.7
374.0 37.7
374.083333333 54.7
374.166666667 71.1
374.25 94.6
374.333333333 51.8
374.416666667 55.9
374.5 52.5
374.583333333 54.6
374.666666667 27.8
374.75 16.1
374.833333333 9.2
374.916666667 19.2
375.0 20.7
375.083333333 13.1
375.166666667 19.2
375.25 15.8
375.333333333 13.2
375.416666667 27.2
375.5 29.4
375.583333333 29.4
375.666666667 12.5
375.75 6.0
375.833333333 12.9
375.916666667 14.2
376.0 10.4
376.083333333 3.6
376.166666667 16.5
376.25 10.8
376.333333333 17.1
376.416666667 14.2
376.5 0.9
376.583333333 16.8
376.666666667 9.8
376.75 5.1
376.833333333 29.7
376.916666667 14.5
377.0 6.4
377.083333333 11.4
377.166666667 6.0
377.25 16.7
377.333333333 37.5
377.416666667 28.2
377.5 17.5
377.583333333 29.0
377.666666667 36.5
377.75 33.3
377.833333333 47.0
377.916666667 40.6
378.0 27.4
378.083333333 57.0
378.166666667 45.0
378.25 56.0
378.333333333 78.2
378.416666667 60.5
378.5 88.2
378.583333333 83.7
378.666666667 99.7
378.75 125.1
378.833333333 112.3
378.916666667 116.0
379.0 149.9
379.083333333 122.5
379.166666667 136.5
379.25 126.0
379.333333333 124.1
379.416666667 146.1
379.5 181.9
379.583333333 147.5
379.666666667 184.6
379.75 135.4
379.833333333 166.9
379.916666667 143.5
380.0 156.9
380.083333333 166.0
380.166666667 136.5
380.25 136.4
380.333333333 142.1
380.416666667 131.1
380.5 136.3
380.583333333 149.5
380.666666667 195.9
380.75 155.1
380.833333333 163.3
380.916666667 131.5
381.0 138.5
381.083333333 131.3
381.166666667 177.5
381.25 125.9
381.333333333 155.5
381.416666667 131.0
381.5 168.2
381.583333333 176.1
381.666666667 179.2
381.75 132.1
381.833333333 127.2
381.916666667 123.1
382.0 127.7
382.083333333 137.5
382.166666667 163.5
382.25 125.4
382.333333333 97.8
382.416666667 73.4
382.5 78.5
382.583333333 74.9
382.666666667 61.6
382.75 71.0
382.833333333 89.2
382.916666667 94.7
383.0 86.4
383.083333333 69.7
383.166666667 82.0
383.25 67.5
383.333333333 59.6
383.416666667 53.5
383.5 44.6
383.583333333 69.0
383.666666667 49.2
383.75 27.0
383.833333333 47.3
383.916666667 30.4
384.0 46.6
384.083333333 51.1
384.166666667 47.4
384.25 41.0
384.333333333 24.1
384.416666667 26.7
384.5 33.7
384.583333333 41.0
384.666666667 28.2
384.75 32.1
384.833333333 49.0
384.916666667 27.5
385.0 26.5
385.083333333 27.7
385.166666667 39.6
385.25 35.4
385.333333333 11.0
385.416666667 15.1
385.5 18.3
385.583333333 17.0
385.666666667 18.5
385.75 12.5
385.833333333 13.9
385.916666667 11.7
386.0 7.6
