1776.0 9.0 166.75 17.2 15.0
1776.0 10.0 166.833333333 20.7 16.7
1776.0 11.0 166.916666667 21.0 0.0
1776.0 12.0 167.0 27.1 12.1
1777.0 1.0 167.083333333 34.3 14.8
1777.0 2.0 167.166666667 15.1 3.9
1777.0 3.0 167.25 18.8 18.5
1777.0 4.0 167.333333333 38.8 19.9
1777.0 5.0 167.416666667 66.0 23.0
1777.0 6.0 167.5 36.4 24.1
1777.0 7.0 167.583333333 17.6 15.6
1777.0 8.0 167.666666667 27.2 11.7
1777.0 9.0 167.75 36.4 21.6
1777.0 10.0 167.833333333 53.3 13.4
1777.0 11.0 167.916666667 51.4 10.8
1777.0 12.0 168.0 64.5 37.0
1778.0 1.0 168.083333333 144.0 0.0
1778.0 2.0 168.166666667 60.0 17.0
1778.0 3.0 168.25 64.0 19.6
1778.0 4.0 168.333333333 96.0 24.0
1778.0 5.0 168.416666667 65.5 24.6
1778.0 6.0 168.5 44.8 14.1
1778.0 7.0 168.583333333 34.0 9.6
1778.0 8.0 168.666666667 32.9 11.6
1778.0 9.0 168.75 104.0 24.8
1778.0 10.0 168.833333333 96.0 0.0
1778.0 11.0 168.916666667 63.0 28.5
1778.0 12.0 169.0 60.0 17.0
1779.0 1.0 169.083333333 69.6 25.3
1779.0 2.0 169.166666667 97.8 6.7
1779.0 3.0 169.25 72.0 33.9
1779.0 6.0 169.5 72.0 0.0
1779.0 7.0 169.583333333 120.0 0.0
1779.0 8.0 169.666666667 46.7 16.6
1779.0 9.0 169.75 72.0 0.0
1779.0 10.0 169.833333333 96.0 0.0
1780.0 1.0 170.083333333 48.0 24.0
1780.0 2.0 170.166666667 63.3 16.2
1780.0 5.0 170.416666667 96.0 33.9
1780.0 6.0 170.5 15.0 0.0
1780.0 8.0 170.666666667 72.0 0.0
1780.0 9.0 170.75 76.8 10.7
1780.0 10.0 170.833333333 45.0 0.0
1780.0 11.0 170.916666667 24.0 0.0
1781.0 1.0 171.083333333 69.0 52.6
1781.0 3.0 171.25 36.0 17.0
1781.0 4.0 171.333333333 72.0 0.0
1781.0 5.0 171.416666667 86.4 21.5
1781.0 6.0 171.5 120.0 0.0
1781.0 7.0 171.583333333 72.0 0.0
1781.0 10.0 171.833333333 73.6 47.1
1781.0 11.0 171.916666667 60.0 50.9
1781.0 12.0 172.0 51.3 20.1
1782.0 1.0 172.083333333 48.0 0.0
1782.0 2.0 172.166666667 24.0 0.0
1782.0 3.0 172.25 24.0 0.0
1782.0 4.0 172.333333333 30.5 43.1
1782.0 5.0 172.416666667 72.0 0.0
1782.0 8.0 172.666666667 48.0 0.0
1782.0 10.0 172.833333333 4.8 10.7
1782.0 11.0 172.916666667 11.7 20.2
1783.0 2.0 173.166666667 48.0 0.0
1783.0 3.0 173.25 24.0 0.0
1783.0 4.0 173.333333333 24.0 0.0
1783.0 6.0 173.5 24.0 0.0
1783.0 7.0 173.583333333 27.4 9.1
1783.0 10.0 173.833333333 0.0 0.0
1783.0 12.0 174.0 0.0 0.0
1784.0 2.0 174.166666667 0.0 0.0
1784.0 5.0 174.416666667 0.0 0.0
1784.0 7.0 174.583333333 0.0 0.0
1784.0 10.0 174.833333333 0.0 0.0
1784.0 11.0 174.916666667 24.0 0.0
1785.0 1.0 175.083333333 0.0 0.0
1785.0 2.0 175.166666667 0.0 0.0
1785.0 3.0 175.25 0.0 0.0
1785.0 4.0 175.333333333 0.0 0.0
1785.0 5.0 175.416666667 16.0 13.9
1785.0 6.0 175.5 24.0 0.0
1785.0 7.0 175.583333333 48.0 0.0
1785.0 8.0 175.666666667 0.0 0.0
1785.0 9.0 175.75 37.0 0.0
1785.0 10.0 175.833333333 35.1 16.5
1785.0 11.0 175.916666667 32.0 13.9
1785.0 12.0 176.0 0.0 0.0
1786.0 1.0 176.083333333 28.8 10.7
1786.0 2.0 176.166666667 36.9 15.8
1786.0 3.0 176.25 33.6 21.5
1786.0 4.0 176.333333333 67.2 26.3
1786.0 5.0 176.416666667 65.6 18.1
1786.0 6.0 176.5 48.0 12.8
1786.0 7.0 176.583333333 72.0 0.0
1786.0 8.0 176.666666667 65.1 18.1
1786.0 9.0 176.75 96.0 0.0
1786.0 10.0 176.833333333 120.0 0.0
1786.0 11.0 176.916666667 53.8 45.3
1786.0 12.0 177.0 72.0 0.0
1787.0 1.0 177.083333333 104.0 69.3
1787.0 2.0 177.166666667 48.0 0.0
1787.0 3.0 177.25 60.0 46.0
1787.0 4.0 177.333333333 76.0 9.8
1787.0 5.0 177.416666667 96.0 0.0
1787.0 6.0 177.5 80.3 25.1
1787.0 7.0 177.583333333 96.0 0.0
1787.0 8.0 177.666666667 80.0 39.8
1787.0 9.0 177.75 100.0 35.3
1787.0 11.0 177.916666667 72.0 0.0
1787.0 12.0 178.0 169.0 0.0
1788.0 1.0 178.083333333 72.0 0.0
1788.0 2.0 178.166666667 72.0 33.9
1788.0 3.0 178.25 84.0 17.0
1788.0 4.0 178.333333333 72.0 0.0
1788.0 5.0 178.416666667 72.0 0.0
1788.0 6.0 178.5 95.8 28.7
1788.0 7.0 178.583333333 96.0 33.9
1788.0 8.0 178.666666667 72.0 0.0
1788.0 9.0 178.75 86.6 50.2
1788.0 10.0 178.833333333 99.4 9.1
1788.0 11.0 178.916666667 72.0 15.2
1788.0 12.0 179.0 96.0 33.9
1789.0 1.0 179.083333333 48.0 0.0
1789.0 2.0 179.166666667 72.0 0.0
1789.0 3.0 179.25 72.0 0.0
1789.0 4.0 179.333333333 96.0 0.0
1789.0 5.0 179.416666667 96.0 0.0
1789.0 8.0 179.666666667 48.0 0.0
1789.0 10.0 179.833333333 57.0 17.9
1789.0 11.0 179.916666667 117.0 0.0
1789.0 12.0 180.0 111.6 28.0
1790.0 1.0 180.083333333 72.0 0.0
1790.0 2.0 180.166666667 120.0 0.0
1790.0 3.0 180.25 72.0 0.0
1790.0 7.0 180.583333333 24.0 0.0
1790.0 9.0 180.75 48.0 0.0
1790.0 10.0 180.833333333 72.0 0.0
1790.0 12.0 181.0 48.0 0.0
1791.0 1.0 181.083333333 48.0 0.0
1791.0 2.0 181.166666667 36.0 17.0
1791.0 3.0 181.25 52.8 10.7
1791.0 4.0 181.333333333 59.3 12.1
1791.0 6.0 181.5 40.0 19.6
1791.0 8.0 181.666666667 12.0 17.0
1791.0 9.0 181.75 48.0 0.0
1791.0 10.0 181.833333333 48.0 24.0
1791.0 12.0 182.0 45.0 0.0
1792.0 1.0 182.083333333 24.0 0.0
1792.0 4.0 182.333333333 96.0 0.0
1792.0 7.0 182.583333333 0.0 0.0
1792.0 10.0 182.833333333 48.0 0.0
1793.0 3.0 183.25 48.0 0.0
1793.0 5.0 183.416666667 123.0 0.0
1793.0 8.0 183.666666667 9.8 11.8
1793.0 9.0 183.75 0.0 0.0
1793.0 11.0 183.916666667 24.0 0.0
1794.0 1.0 184.083333333 28.0 0.0
1794.0 2.0 184.166666667 16.0 0.0
1794.0 3.0 184.25 15.0 0.0
1794.0 4.0 184.333333333 15.0 0.0
1794.0 5.0 184.416666667 50.1 27.0
1794.0 9.0 184.75 8.2 10.4
1794.0 10.0 184.833333333 10.7 9.2
1794.0 11.0 184.916666667 78.9 48.2
1794.0 12.0 185.0 50.0 20.4
1795.0 1.0 185.083333333 20.5 17.0
1795.0 2.0 185.166666667 40.1 21.9
1795.0 3.0 185.25 14.6 14.6
1795.0 4.0 185.333333333 19.4 16.7
1795.0 6.0 185.5 16.7 20.4
1795.0 7.0 185.583333333 21.4 21.7
1795.0 8.0 185.666666667 18.0 0.0
1795.0 9.0 185.75 0.0 0.0
1795.0 10.0 185.833333333 2.5 3.5
1795.0 11.0 185.916666667 20.0 7.9
1795.0 12.0 186.0 0.0 0.0
1796.0 1.0 186.083333333 36.0 25.3
1796.0 2.0 186.166666667 24.0 23.4
1796.0 3.0 186.25 0.0 0.0
1796.0 4.0 186.333333333 33.3 14.4
1796.0 5.0 186.416666667 6.3 11.6
1796.0 6.0 186.5 4.6 9.9
1796.0 7.0 186.583333333 29.0 14.6
1796.0 8.0 186.666666667 1.6 6.2
1796.0 9.0 186.75 14.7 18.0
1796.0 10.0 186.833333333 10.3 14.0
1796.0 11.0 186.916666667 5.0 10.2
1796.0 12.0 187.0 0.0 0.0
1797.0 1.0 187.083333333 16.2 12.3
1797.0 2.0 187.166666667 7.5 11.8
1797.0 3.0 187.25 4.2 9.6
1797.0 4.0 187.333333333 2.7 6.9
1797.0 5.0 187.416666667 4.7 8.8
1797.0 6.0 187.5 7.7 10.3
1797.0 7.0 187.583333333 4.8 10.0
1797.0 8.0 187.666666667 6.5 11.1
1797.0 9.0 187.75 6.7 11.2
1797.0 10.0 187.833333333 7.5 12.1
1797.0 11.0 187.916666667 4.2 10.2
1797.0 12.0 188.0 20.0 7.1
1798.0 1.0 188.083333333 3.8 7.5
1798.0 2.0 188.166666667 7.7 12.0
1798.0 3.0 188.25 21.8 6.4
1798.0 4.0 188.333333333 0.0 0.0
1798.0 5.0 188.416666667 0.0 0.0
1798.0 6.0 188.5 0.0 0.0
1798.0 7.0 188.583333333 0.0 0.0
1798.0 8.0 188.666666667 1.0 5.7
1798.0 9.0 188.75 2.5 7.6
1798.0 10.0 188.833333333 1.6 6.2
1798.0 11.0 188.916666667 8.0 9.8
1798.0 12.0 189.0 10.6 12.6
1799.0 1.0 189.083333333 0.0 0.0
1799.0 2.0 189.166666667 8.7 11.9
1799.0 3.0 189.25 26.5 6.0
1799.0 4.0 189.333333333 3.8 9.4
1799.0 5.0 189.416666667 6.7 7.3
1799.0 6.0 189.5 5.6 8.6
1799.0 7.0 189.583333333 0.8 4.5
1799.0 8.0 189.666666667 0.0 0.0
1799.0 9.0 189.75 0.0 0.0
1799.0 10.0 189.833333333 3.4 8.8
1799.0 11.0 189.916666667 4.2 9.6
1799.0 12.0 190.0 7.4 8.3
1800.0 1.0 190.083333333 2.5 8.4
1800.0 2.0 190.166666667 4.1 8.2
1800.0 3.0 190.25 9.8 12.1
1800.0 4.0 190.333333333 0.0 0.0
1800.0 5.0 190.416666667 2.5 7.9
1800.0 6.0 190.5 23.8 6.9
1800.0 7.0 190.583333333 13.0 0.0
1800.0 8.0 190.666666667 16.7 28.9
1800.0 9.0 190.75 3.8 9.2
1800.0 10.0 190.833333333 5.7 10.7
1800.0 11.0 190.916666667 9.6 14.1
1800.0 12.0 191.0 40.2 27.7
1801.0 1.0 191.083333333 51.7 10.4
1801.0 2.0 191.166666667 82.8 14.6
1801.0 3.0 191.25 56.3 27.6
1801.0 4.0 191.333333333 62.1 35.1
1801.0 5.0 191.416666667 49.3 20.9
1801.0 6.0 191.5 31.7 17.0
1801.0 7.0 191.583333333 45.5 15.4
1801.0 8.0 191.666666667 44.8 17.2
1801.0 9.0 191.75 42.9 9.3
1801.0 10.0 191.833333333 44.1 16.3
1801.0 11.0 191.916666667 40.3 26.2
1801.0 12.0 192.0 62.0 20.1
1802.0 1.0 192.083333333 51.2 16.2
1802.0 2.0 192.166666667 29.5 9.3
1802.0 3.0 192.25 26.5 19.4
1802.0 4.0 192.333333333 43.2 19.3
1802.0 5.0 192.416666667 34.5 17.8
1802.0 6.0 192.5 46.6 22.4
1802.0 7.0 192.583333333 51.0 22.8
1802.0 8.0 192.666666667 29.4 26.1
1802.0 9.0 192.75 34.6 14.9
1802.0 10.0 192.833333333 20.3 16.4
1802.0 11.0 192.916666667 15.6 15.5
1802.0 12.0 193.0 40.6 40.9
1803.0 1.0 193.083333333 16.7 30.6
1803.0 2.0 193.166666667 36.4 25.5
1803.0 3.0 193.25 32.7 28.0
1803.0 4.0 193.333333333 11.7 16.8
1803.0 5.0 193.416666667 13.3 17.5
1803.0 6.0 193.5 5.5 12.2
1803.0 7.0 193.583333333 31.5 21.5
1803.0 8.0 193.666666667 16.4 18.6
1803.0 9.0 193.75 15.6 23.8
1803.0 10.0 193.833333333 14.7 21.5
1803.0 11.0 193.916666667 9.2 11.1
1803.0 12.0 194.0 18.9 20.2
1804.0 1.0 194.083333333 28.6 20.2
1804.0 2.0 194.166666667 42.6 9.1
1804.0 3.0 194.25 54.0 14.3
1804.0 4.0 194.333333333 11.4 22.3
1804.0 5.0 194.416666667 17.7 14.6
1804.0 6.0 194.5 11.7 15.0
1804.0 7.0 194.583333333 14.4 17.3
1804.0 8.0 194.666666667 12.3 21.5
1804.0 9.0 194.75 22.6 34.2
1804.0 10.0 194.833333333 33.7 34.6
1804.0 11.0 194.916666667 2.5 6.1
1804.0 12.0 195.0 7.6 16.0
1805.0 1.0 195.083333333 42.8 42.6
1805.0 2.0 195.166666667 34.7 9.3
1805.0 3.0 195.25 28.6 27.4
1805.0 4.0 195.333333333 12.9 12.4
1805.0 5.0 195.416666667 0.0 0.0
1805.0 6.0 195.5 2.4 5.1
1805.0 7.0 195.583333333 15.3 18.2
1805.0 8.0 195.666666667 29.4 21.9
1805.0 9.0 195.75 33.7 24.4
1805.0 10.0 195.833333333 13.0 12.2
1805.0 11.0 195.916666667 67.0 24.0
1805.0 12.0 196.0 27.8 7.9
1806.0 1.0 196.083333333 17.1 13.5
1806.0 2.0 196.166666667 35.1 22.6
1806.0 3.0 196.25 32.0 21.3
1806.0 4.0 196.333333333 13.5 6.0
1806.0 5.0 196.416666667 0.0 0.0
1806.0 6.0 196.5 13.0 13.0
1806.0 7.0 196.583333333 9.1 12.7
1806.0 8.0 196.666666667 3.0 6.7
1806.0 9.0 196.75 11.7 10.4
1806.0 10.0 196.833333333 25.0 25.0
1806.0 11.0 196.916666667 0.0 0.0
1806.0 12.0 197.0 0.0 0.0
1807.0 1.0 197.083333333 0.0 0.0
1807.0 2.0 197.166666667 9.8 6.5
1807.0 3.0 197.25 3.0 6.0
1807.0 4.0 197.333333333 26.4 10.7
1807.0 5.0 197.416666667 0.0 0.0
1807.0 6.0 197.5 19.9 22.3
1807.0 7.0 197.583333333 0.0 0.0
1807.0 8.0 197.666666667 0.0 0.0
1807.0 9.0 197.75 0.0 0.0
1807.0 10.0 197.833333333 0.0 0.0
1807.0 11.0 197.916666667 0.4 2.2
1807.0 12.0 198.0 0.0 0.0
1808.0 1.0 198.083333333 0.0 0.0
1808.0 2.0 198.166666667 2.6 7.7
1808.0 3.0 198.25 0.0 0.0
1808.0 4.0 198.333333333 10.4 12.2
1808.0 5.0 198.416666667 13.0 11.6
1808.0 6.0 198.5 1.9 6.2
1808.0 7.0 198.583333333 1.0 4.0
1808.0 8.0 198.666666667 0.0 0.0
1808.0 9.0 198.75 0.8 4.6
1808.0 10.0 198.833333333 0.0 0.0
1808.0 11.0 198.916666667 5.2 9.9
1808.0 12.0 199.0 6.5 12.9
1809.0 1.0 199.083333333 7.0 12.6
1809.0 2.0 199.166666667 6.5 12.8
1809.0 3.0 199.25 0.0 0.0
1809.0 4.0 199.333333333 0.0 0.0
1809.0 5.0 199.416666667 0.0 0.0
1809.0 6.0 199.5 0.8 4.6
1809.0 7.0 199.583333333 0.0 0.0
1809.0 8.0 199.666666667 0.0 0.0
1809.0 9.0 199.75 0.0 0.0
1809.0 10.0 199.833333333 0.0 0.0
1809.0 11.0 199.916666667 0.0 0.0
1809.0 12.0 200.0 0.0 0.0
1810.0 1.0 200.083333333 0.0 0.0
1810.0 2.0 200.166666667 0.0 0.0
1810.0 3.0 200.25 0.0 0.0
1810.0 4.0 200.333333333 0.0 0.0
1810.0 5.0 200.416666667 0.0 0.0
1810.0 6.0 200.5 0.0 0.0
1810.0 7.0 200.583333333 0.0 0.0
1810.0 8.0 200.666666667 0.0 0.0
1810.0 9.0 200.75 0.0 0.0
1810.0 10.0 200.833333333 0.0 0.0
1810.0 11.0 200.916666667 0.0 0.0
1810.0 12.0 201.0 0.0 0.0
1811.0 1.0 201.083333333 0.0 0.0
1811.0 2.0 201.166666667 0.0 0.0
1811.0 3.0 201.25 0.0 0.0
1811.0 4.0 201.333333333 0.0 0.0
1811.0 5.0 201.416666667 0.0 0.0
1811.0 6.0 201.5 0.0 0.0
1811.0 7.0 201.583333333 0.7 1.6
1811.0 8.0 201.666666667 0.0 0.0
1811.0 9.0 201.75 0.8 4.6
1811.0 10.0 201.833333333 2.1 6.5
1811.0 11.0 201.916666667 0.0 0.0
1811.0 12.0 202.0 0.0 0.0
1812.0 1.0 202.083333333 8.0 7.1
1812.0 2.0 202.166666667 0.6 1.6
1812.0 3.0 202.25 0.0 0.0
1812.0 4.0 202.333333333 0.0 0.0
1812.0 5.0 202.416666667 0.0 0.0
1812.0 6.0 202.5 0.0 0.0
1812.0 7.0 202.583333333 0.0 0.0
1812.0 8.0 202.666666667 14.0 14.3
1812.0 9.0 202.75 5.5 6.5
1812.0 10.0 202.833333333 1.5 5.0
1812.0 11.0 202.916666667 5.9 13.8
1812.0 12.0 203.0 12.2 12.7
1813.0 1.0 203.083333333 0.5 2.5
1813.0 2.0 203.166666667 7.8 7.0
1813.0 3.0 203.25 0.0 0.0
1813.0 4.0 203.333333333 8.7 12.2
1813.0 5.0 203.416666667 4.5 6.0
1813.0 6.0 203.5 6.0 9.8
1813.0 7.0 203.583333333 12.9 12.0
1813.0 8.0 203.666666667 10.5 11.7
1813.0 9.0 203.75 10.9 10.4
1813.0 10.0 203.833333333 17.7 11.7
1813.0 11.0 203.916666667 14.6 7.8
1813.0 12.0 204.0 14.9 9.4
1814.0 1.0 204.083333333 11.1 9.7
1814.0 2.0 204.166666667 8.1 8.1
1814.0 3.0 204.25 3.6 6.3
1814.0 4.0 204.333333333 15.4 3.0
1814.0 5.0 204.416666667 7.5 8.4
1814.0 6.0 204.5 9.4 10.2
1814.0 7.0 204.583333333 16.1 10.6
1814.0 8.0 204.666666667 6.8 7.0
1814.0 9.0 204.75 8.5 9.9
1814.0 10.0 204.833333333 17.8 6.0
1814.0 11.0 204.916666667 5.2 9.4
1814.0 12.0 205.0 15.7 10.8
1815.0 1.0 205.083333333 14.6 8.7
1815.0 2.0 205.166666667 20.5 8.6
1815.0 3.0 205.25 12.7 10.5
1815.0 4.0 205.333333333 17.9 6.2
1815.0 5.0 205.416666667 12.4 11.3
1815.0 6.0 205.5 25.0 15.5
1815.0 7.0 205.583333333 25.6 22.4
1815.0 8.0 205.666666667 14.1 3.0
1815.0 9.0 205.75 16.0 15.7
1815.0 10.0 205.833333333 13.9 9.9
1815.0 11.0 205.916666667 14.9 1.9
1815.0 12.0 206.0 14.6 4.2
1816.0 1.0 206.083333333 22.3 6.3
1816.0 2.0 206.166666667 25.3 6.4
1816.0 3.0 206.25 32.9 9.3
1816.0 4.0 206.333333333 46.3 16.0
1816.0 5.0 206.416666667 41.1 22.2
1816.0 6.0 206.5 41.9 26.4
1816.0 7.0 206.583333333 31.2 11.4
1816.0 8.0 206.666666667 17.3 14.0
1816.0 9.0 206.75 27.2 5.7
1816.0 10.0 206.833333333 32.1 12.1
1816.0 11.0 206.916666667 29.1 13.0
1816.0 12.0 207.0 23.1 10.9
1817.0 1.0 207.083333333 20.6 6.0
1817.0 2.0 207.166666667 23.6 16.5
1817.0 3.0 207.25 57.0 54.2
1817.0 4.0 207.333333333 18.9 9.7
1817.0 5.0 207.416666667 14.8 9.9
1817.0 6.0 207.5 27.8 14.9
1817.0 7.0 207.583333333 34.4 16.2
1817.0 8.0 207.666666667 31.8 7.0
1817.0 9.0 207.75 33.7 11.9
1817.0 10.0 207.833333333 23.1 17.7
1817.0 11.0 207.916666667 26.9 12.1
1817.0 12.0 208.0 24.0 11.2
1818.0 1.0 208.083333333 23.1 11.2
1818.0 2.0 208.166666667 11.5 11.3
1818.0 3.0 208.25 16.7 10.4
1818.0 4.0 208.333333333 21.8 9.6
1818.0 5.0 208.416666667 30.8 10.8
1818.0 6.0 208.5 26.0 10.0
1818.0 7.0 208.583333333 18.7 7.1
1818.0 8.0 208.666666667 28.6 12.8
1818.0 9.0 208.75 20.6 9.1
1818.0 10.0 208.833333333 24.0 13.5
1818.0 11.0 208.916666667 10.9 6.4
1818.0 12.0 209.0 27.7 27.7
1819.0 1.0 209.083333333 32.5 12.6
1819.0 2.0 209.166666667 14.8 10.5
1819.0 3.0 209.25 6.5 6.9
1819.0 4.0 209.333333333 18.7 14.5
1819.0 5.0 209.416666667 15.6 13.4
1819.0 6.0 209.5 32.1 12.2
1819.0 7.0 209.583333333 16.4 9.0
1819.0 8.0 209.666666667 25.6 16.6
1819.0 9.0 209.75 12.6 12.2
1819.0 10.0 209.833333333 19.1 9.2
1819.0 11.0 209.916666667 13.5 12.3
1819.0 12.0 210.0 23.2 4.3
1820.0 1.0 210.083333333 14.2 13.1
1820.0 2.0 210.166666667 16.8 8.7
1820.0 3.0 210.25 6.0 12.2
1820.0 4.0 210.333333333 13.5 13.2
1820.0 5.0 210.416666667 14.7 10.5
1820.0 6.0 210.5 7.9 8.0
1820.0 7.0 210.583333333 7.3 9.7
1820.0 8.0 210.666666667 11.5 7.1
1820.0 9.0 210.75 6.7 8.2
1820.0 10.0 210.833333333 7.0 9.6
1820.0 11.0 210.916666667 9.5 9.7
1820.0 12.0 211.0 12.8 13.8
1821.0 1.0 211.083333333 12.6 4.0
1821.0 2.0 211.166666667 2.6 5.2
1821.0 3.0 211.25 0.3 1.3
1821.0 4.0 211.333333333 5.5 8.0
1821.0 5.0 211.416666667 1.3 3.9
1821.0 6.0 211.5 0.1 0.5
1821.0 7.0 211.583333333 1.7 4.4
1821.0 8.0 211.666666667 5.8 7.1
1821.0 9.0 211.75 3.0 5.6
1821.0 10.0 211.833333333 14.6 8.3
1821.0 11.0 211.916666667 3.9 7.0
1821.0 12.0 212.0 0.0 0.0
1822.0 1.0 212.083333333 0.0 0.0
1822.0 2.0 212.166666667 0.0 0.0
1822.0 3.0 212.25 13.6 8.3
1822.0 4.0 212.333333333 9.9 7.2
1822.0 5.0 212.416666667 1.4 4.2
1822.0 6.0 212.5 4.4 6.9
1822.0 7.0 212.583333333 5.7 8.9
1822.0 8.0 212.666666667 0.3 1.3
1822.0 9.0 212.75 0.0 0.0
1822.0 10.0 212.833333333 0.0 0.0
1822.0 11.0 212.916666667 0.0 0.0
1822.0 12.0 213.0 0.5 2.9
1823.0 1.0 213.083333333 0.0 0.0
1823.0 2.0 213.166666667 0.0 0.0
1823.0 3.0 213.25 0.4 2.2
1823.0 4.0 213.333333333 0.0 0.0
1823.0 5.0 213.416666667 0.0 0.0
1823.0 6.0 213.5 0.0 0.0
1823.0 7.0 213.583333333 0.0 0.0
1823.0 8.0 213.666666667 0.0 0.0
1823.0 9.0 213.75 0.0 0.0
1823.0 10.0 213.833333333 0.0 0.0
1823.0 11.0 213.916666667 0.0 0.0
1823.0 12.0 214.0 14.2 1.6
1824.0 1.0 214.083333333 15.7 2.9
1824.0 2.0 214.166666667 0.5 2.6
1824.0 3.0 214.25 0.0 0.0
1824.0 4.0 214.333333333 13.5 6.8
1824.0 5.0 214.416666667 1.8 5.9
1824.0 6.0 214.5 0.0 0.0
1824.0 7.0 214.583333333 0.0 0.0
1824.0 8.0 214.666666667 0.1 0.7
1824.0 9.0 214.75 11.8 14.9
1824.0 10.0 214.833333333 17.1 9.0
1824.0 11.0 214.916666667 0.0 0.0
1824.0 12.0 215.0 0.2 1.1
1825.0 1.0 215.083333333 6.4 11.7
1825.0 2.0 215.166666667 10.9 12.9
1825.0 3.0 215.25 15.0 19.4
1825.0 4.0 215.333333333 1.0 3.6
1825.0 5.0 215.416666667 10.5 6.5
1825.0 6.0 215.5 19.8 17.1
1825.0 7.0 215.583333333 21.5 10.0
1825.0 8.0 215.666666667 24.5 10.3
1825.0 9.0 215.75 16.3 9.9
1825.0 10.0 215.833333333 15.6 12.5
1825.0 11.0 215.916666667 14.5 10.2
1825.0 12.0 216.0 17.3 13.0
1826.0 1.0 216.083333333 13.3 11.1
1826.0 2.0 216.166666667 13.4 5.6
1826.0 3.0 216.25 29.8 8.5
1826.0 4.0 216.333333333 14.6 10.2
1826.0 5.0 216.416666667 26.4 10.7
1826.0 6.0 216.5 32.8 17.8
1826.0 7.0 216.583333333 46.4 19.2
1826.0 8.0 216.666666667 32.1 28.3
1826.0 9.0 216.75 14.2 16.4
1826.0 10.0 216.833333333 40.9 13.6
1826.0 11.0 216.916666667 28.1 17.8
1826.0 12.0 217.0 50.7 17.9
1827.0 1.0 217.083333333 28.9 15.5
1827.0 2.0 217.166666667 40.0 19.0
1827.0 3.0 217.25 53.1 13.1
1827.0 4.0 217.333333333 46.7 9.6
1827.0 5.0 217.416666667 51.2 15.4
1827.0 6.0 217.5 47.5 25.7
1827.0 7.0 217.583333333 35.9 18.2
1827.0 8.0 217.666666667 45.5 13.1
1827.0 9.0 217.75 46.3 15.4
1827.0 10.0 217.833333333 48.7 21.8
1827.0 11.0 217.916666667 51.3 21.6
1827.0 12.0 218.0 37.7 13.0
1828.0 1.0 218.083333333 54.4 18.4
1828.0 2.0 218.166666667 46.4 13.5
1828.0 3.0 218.25 59.8 23.2
1828.0 4.0 218.333333333 53.2 28.9
1828.0 5.0 218.416666667 83.3 19.3
1828.0 6.0 218.5 78.3 27.4
1828.0 7.0 218.583333333 52.6 22.5
1828.0 8.0 218.666666667 66.5 17.6
1828.0 9.0 218.75 49.5 20.5
1828.0 10.0 218.833333333 49.6 23.8
1828.0 11.0 218.916666667 48.4 16.8
1828.0 12.0 219.0 42.5 20.0
1829.0 1.0 219.083333333 44.4 16.0
1829.0 2.0 219.166666667 51.1 22.7
1829.0 3.0 219.25 58.8 15.1
1829.0 4.0 219.333333333 77.2 19.3
1829.0 5.0 219.416666667 49.8 23.4
1829.0 6.0 219.5 59.2 28.3
1829.0 7.0 219.583333333 81.7 16.1
1829.0 8.0 219.666666667 71.8 18.2
1829.0 9.0 219.75 46.5 23.3
1829.0 10.0 219.833333333 54.4 10.9
1829.0 11.0 219.916666667 61.6 24.4
1829.0 12.0 220.0 54.4 14.1
1830.0 1.0 220.083333333 34.1 17.2
1830.0 2.0 220.166666667 68.2 19.9
1830.0 3.0 220.25 80.6 26.1
1830.0 4.0 220.333333333 101.5 29.1
1830.0 5.0 220.416666667 59.5 20.3
1830.0 6.0 220.5 56.7 16.5
1830.0 7.0 220.583333333 38.0 17.6
1830.0 8.0 220.666666667 42.8 20.7
1830.0 9.0 220.75 59.1 19.9
1830.0 10.0 220.833333333 83.1 15.4
1830.0 11.0 220.916666667 78.8 18.3
1830.0 12.0 221.0 69.1 14.6
1831.0 1.0 221.083333333 25.9 27.7
1831.0 2.0 221.166666667 34.6 25.6
1831.0 3.0 221.25 88.5 22.3
1831.0 4.0 221.333333333 50.0 24.5
1831.0 5.0 221.416666667 36.9 17.5
1831.0 6.0 221.5 29.8 16.8
1831.0 7.0 221.583333333 40.2 24.6
1831.0 8.0 221.666666667 37.8 22.2
1831.0 9.0 221.75 34.1 17.2
1831.0 10.0 221.833333333 42.5 18.7
1831.0 11.0 221.916666667 29.5 8.8
1831.0 12.0 222.0 20.7 13.5
1832.0 1.0 222.083333333 34.4 24.2
1832.0 2.0 222.166666667 50.8 20.0
1832.0 3.0 222.25 42.7 12.9
1832.0 4.0 222.333333333 22.1 17.2
1832.0 5.0 222.416666667 30.0 9.6
1832.0 6.0 222.5 29.0 9.6
1832.0 7.0 222.583333333 8.1 11.1
1832.0 8.0 222.666666667 3.9 6.6
1832.0 9.0 222.75 5.4 7.4
1832.0 10.0 222.833333333 13.7 8.4
1832.0 11.0 222.916666667 10.6 6.6
1832.0 12.0 223.0 21.6 10.0
1833.0 1.0 223.083333333 12.8 17.7
1833.0 2.0 223.166666667 12.3 12.5
1833.0 3.0 223.25 7.1 10.0
1833.0 4.0 223.333333333 1.1 3.6
1833.0 5.0 223.416666667 10.7 9.2
1833.0 6.0 223.5 0.3 1.0
1833.0 7.0 223.583333333 6.3 7.9
1833.0 8.0 223.666666667 0.8 2.8
1833.0 9.0 223.75 9.3 9.6
1833.0 10.0 223.833333333 6.8 9.2
1833.0 11.0 223.916666667 4.4 6.9
1833.0 12.0 224.0 6.5 8.8
1834.0 1.0 224.083333333 1.3 3.8
1834.0 2.0 224.166666667 13.8 11.5
1834.0 3.0 224.25 1.8 6.1
1834.0 4.0 224.333333333 2.8 5.7
1834.0 5.0 224.416666667 6.9 8.1
1834.0 6.0 224.5 6.5 7.1
1834.0 7.0 224.583333333 2.1 3.1
1834.0 8.0 224.666666667 0.9 3.1
1834.0 9.0 224.75 10.0 6.9
1834.0 10.0 224.833333333 20.5 13.6
1834.0 11.0 224.916666667 24.0 19.8
1834.0 12.0 225.0 26.8 23.9
1835.0 1.0 225.083333333 5.0 9.4
1835.0 2.0 225.166666667 17.1 8.7
1835.0 3.0 225.25 14.0 12.6
1835.0 4.0 225.333333333 44.2 17.3
1835.0 5.0 225.416666667 43.2 29.3
1835.0 6.0 225.5 36.7 11.2
1835.0 7.0 225.583333333 50.7 12.7
1835.0 8.0 225.666666667 42.2 12.5
1835.0 9.0 225.75 83.8 27.7
1835.0 10.0 225.833333333 71.5 26.3
1835.0 11.0 225.916666667 74.8 27.8
1835.0 12.0 226.0 71.7 17.3
1836.0 1.0 226.083333333 69.4 24.2
1836.0 2.0 226.166666667 81.9 27.0
1836.0 3.0 226.25 77.5 28.8
1836.0 4.0 226.333333333 112.4 24.3
1836.0 5.0 226.416666667 95.6 19.7
1836.0 6.0 226.5 105.5 23.1
1836.0 7.0 226.583333333 116.5 29.7
1836.0 8.0 226.666666667 95.7 33.1
1836.0 9.0 226.75 69.0 26.9
1836.0 10.0 226.833333333 113.2 49.8
1836.0 11.0 226.916666667 120.9 56.1
1836.0 12.0 227.0 144.3 36.6
1837.0 1.0 227.083333333 160.7 27.7
1837.0 2.0 227.166666667 138.4 21.5
1837.0 3.0 227.25 104.8 16.6
1837.0 4.0 227.333333333 114.6 30.5
1837.0 5.0 227.416666667 89.4 22.3
1837.0 6.0 227.5 120.1 32.4
1837.0 7.0 227.583333333 120.4 42.5
1837.0 8.0 227.666666667 103.2 23.5
1837.0 9.0 227.75 73.5 17.9
1837.0 10.0 227.833333333 91.4 27.7
1837.0 11.0 227.916666667 77.9 29.3
1837.0 12.0 228.0 118.9 36.5
1838.0 1.0 228.083333333 86.4 46.8
1838.0 2.0 228.166666667 65.1 34.7
1838.0 3.0 228.25 98.4 30.0
1838.0 4.0 228.333333333 99.7 28.4
1838.0 5.0 228.416666667 109.6 17.9
1838.0 6.0 228.5 82.3 26.7
1838.0 7.0 228.583333333 92.2 23.2
1838.0 8.0 228.666666667 61.0 14.4
1838.0 9.0 228.75 54.5 21.1
1838.0 10.0 228.833333333 62.5 19.8
1838.0 11.0 228.916666667 62.8 17.8
1838.0 12.0 229.0 55.0 25.0
1839.0 1.0 229.083333333 78.2 22.1
1839.0 2.0 229.166666667 80.0 18.1
1839.0 3.0 229.25 61.5 22.5
1839.0 4.0 229.333333333 46.1 9.7
1839.0 5.0 229.416666667 41.4 11.1
1839.0 6.0 229.5 43.7 13.9
1839.0 7.0 229.583333333 73.4 32.7
1839.0 8.0 229.666666667 94.0 20.3
1839.0 9.0 229.75 87.4 36.3
1839.0 10.0 229.833333333 61.7 22.3
1839.0 11.0 229.916666667 63.1 23.9
1839.0 12.0 230.0 50.3 26.7
1840.0 1.0 230.083333333 59.7 20.1
1840.0 2.0 230.166666667 68.6 30.5
1840.0 3.0 230.25 53.2 22.6
1840.0 4.0 230.333333333 50.6 27.9
1840.0 5.0 230.416666667 52.6 18.7
1840.0 6.0 230.5 42.3 11.4
1840.0 7.0 230.583333333 42.1 18.7
1840.0 8.0 230.666666667 39.9 16.7
1840.0 9.0 230.75 47.8 20.6
1840.0 10.0 230.833333333 41.0 20.3
1840.0 11.0 230.916666667 40.3 16.7
1840.0 12.0 231.0 41.6 12.5
1841.0 1.0 231.083333333 21.8 14.2
1841.0 2.0 231.166666667 22.4 14.4
1841.0 3.0 231.25 23.4 17.2
1841.0 4.0 231.333333333 25.2 8.9
1841.0 5.0 231.416666667 39.5 11.9
1841.0 6.0 231.5 43.0 12.9
1841.0 7.0 231.583333333 22.0 11.1
1841.0 8.0 231.666666667 32.0 15.5
1841.0 9.0 231.75 28.0 12.1
1841.0 10.0 231.833333333 22.0 11.4
1841.0 11.0 231.916666667 14.3 7.7
1841.0 12.0 232.0 25.5 18.8
1842.0 1.0 232.083333333 14.3 18.2
1842.0 2.0 232.166666667 10.8 9.4
1842.0 3.0 232.25 14.7 12.1
1842.0 4.0 232.333333333 17.5 10.4
1842.0 5.0 232.416666667 21.2 17.9
1842.0 6.0 232.5 16.2 7.3
1842.0 7.0 232.583333333 9.4 10.6
1842.0 8.0 232.666666667 22.1 9.9
1842.0 9.0 232.75 17.0 10.0
1842.0 10.0 232.833333333 35.5 9.6
1842.0 11.0 232.916666667 29.9 18.4
1842.0 12.0 233.0 16.9 8.7
1843.0 1.0 233.083333333 9.5 8.5
1843.0 2.0 233.166666667 4.5 6.7
1843.0 3.0 233.25 7.5 10.4
1843.0 4.0 233.333333333 7.0 7.1
1843.0 5.0 233.416666667 10.2 7.4
1843.0 6.0 233.5 8.8 8.3
1843.0 7.0 233.583333333 7.7 8.0
1843.0 8.0 233.666666667 8.4 8.6
1843.0 9.0 233.75 4.2 6.5
1843.0 10.0 233.833333333 4.3 6.9
1843.0 11.0 233.916666667 16.0 7.1
1843.0 12.0 234.0 10.7 13.1
1844.0 1.0 234.083333333 11.1 5.6
1844.0 2.0 234.166666667 12.1 9.5
1844.0 3.0 234.25 13.2 7.4
1844.0 4.0 234.333333333 14.5 11.6
1844.0 5.0 234.416666667 10.8 6.0
1844.0 6.0 234.5 3.0 6.3
1844.0 7.0 234.583333333 16.4 15.2
1844.0 8.0 234.666666667 16.7 14.6
1844.0 9.0 234.75 5.0 9.0
1844.0 10.0 234.833333333 16.9 14.4
1844.0 11.0 234.916666667 6.1 8.9
1844.0 12.0 235.0 15.7 9.7
1845.0 1.0 235.083333333 20.6 9.2
1845.0 2.0 235.166666667 30.0 14.0
1845.0 3.0 235.25 28.9 13.7
1845.0 4.0 235.333333333 36.6 17.5
1845.0 5.0 235.416666667 35.4 17.6
1845.0 6.0 235.5 28.3 21.6
1845.0 7.0 235.583333333 27.3 16.5
1845.0 8.0 235.666666667 23.3 14.2
1845.0 9.0 235.75 24.4 21.2
1845.0 10.0 235.833333333 32.3 16.6
1845.0 11.0 235.916666667 31.2 15.2
1845.0 12.0 236.0 39.9 21.7
1846.0 1.0 236.083333333 40.5 15.1
1846.0 2.0 236.166666667 42.3 18.7
1846.0 3.0 236.25 40.3 17.5
1846.0 4.0 236.333333333 42.1 19.7
1846.0 5.0 236.416666667 41.9 18.1
1846.0 6.0 236.5 41.1 19.9
1846.0 7.0 236.583333333 29.4 14.9
1846.0 8.0 236.666666667 45.1 25.3
1846.0 9.0 236.75 82.2 22.4
1846.0 10.0 236.833333333 30.4 12.7
1846.0 11.0 236.916666667 39.8 16.5
1846.0 12.0 237.0 50.8 12.2
1847.0 1.0 237.083333333 33.5 19.8
1847.0 2.0 237.166666667 36.2 18.4
1847.0 3.0 237.25 62.5 37.9
1847.0 4.0 237.333333333 30.0 12.0
1847.0 5.0 237.416666667 38.8 15.0
1847.0 6.0 237.5 46.2 15.5
1847.0 7.0 237.583333333 30.8 26.4
1847.0 8.0 237.666666667 62.2 22.3
1847.0 9.0 237.75 95.3 18.9
1847.0 10.0 237.833333333 88.7 20.5
1847.0 11.0 237.916666667 87.3 23.5
1847.0 12.0 238.0 83.9 34.8
1848.0 1.0 238.083333333 113.7 24.5
1848.0 2.0 238.166666667 82.8 14.0
1848.0 3.0 238.25 71.9 10.3
1848.0 4.0 238.333333333 58.5 13.4
1848.0 5.0 238.416666667 67.8 12.6
1848.0 6.0 238.5 81.8 15.9
1848.0 7.0 238.583333333 91.3 20.9
1848.0 8.0 238.666666667 92.2 29.0
1848.0 9.0 238.75 68.9 25.8
1848.0 10.0 238.833333333 105.2 18.2
1848.0 11.0 238.916666667 78.7 26.0
1848.0 12.0 239.0 117.1 25.9
1849.0 1.0 239.083333333 130.9 20.2
1849.0 2.0 239.166666667 126.5 22.5
1849.0 3.0 239.25 78.5 23.4
1849.0 4.0 239.333333333 81.3 35.9
1849.0 5.0 239.416666667 63.2 23.8
1849.0 6.0 239.5 64.5 24.1
1849.0 7.0 239.583333333 77.9 25.1
1849.0 8.0 239.666666667 63.6 16.4
1849.0 9.0 239.75 83.9 20.0
1849.0 10.0 239.833333333 70.8 21.9
1849.0 11.0 239.916666667 87.2 36.8
1849.0 12.0 240.0 76.2 35.4
1850.0 1.0 240.083333333 70.5 24.1
1850.0 2.0 240.166666667 77.8 24.5
1850.0 3.0 240.25 67.3 16.4
1850.0 4.0 240.333333333 36.9 24.5
1850.0 5.0 240.416666667 55.1 26.8
1850.0 6.0 240.5 68.1 31.9
1850.0 7.0 240.583333333 38.1 29.8
1850.0 8.0 240.666666667 46.2 11.1
1850.0 9.0 240.75 64.0 11.9
1850.0 10.0 240.833333333 53.0 12.1
1850.0 11.0 240.916666667 41.8 21.2
1850.0 12.0 241.0 41.5 13.5
1851.0 1.0 241.083333333 63.3 28.0
1851.0 2.0 241.166666667 93.4 24.4
1851.0 3.0 241.25 57.1 15.7
1851.0 4.0 241.333333333 52.3 23.0
1851.0 5.0 241.416666667 58.5 24.0
1851.0 6.0 241.5 58.5 26.6
1851.0 7.0 241.583333333 35.2 16.6
1851.0 8.0 241.666666667 56.3 13.5
1851.0 9.0 241.75 63.4 19.0
1851.0 10.0 241.833333333 44.7 17.8
1851.0 11.0 241.916666667 45.6 16.6
1851.0 12.0 242.0 69.0 27.1
1852.0 1.0 242.083333333 63.9 24.1
1852.0 2.0 242.166666667 58.3 31.3
1852.0 3.0 242.25 58.6 19.3
1852.0 4.0 242.333333333 61.0 23.3
1852.0 5.0 242.416666667 53.1 22.0
1852.0 6.0 242.5 42.0 19.6
1852.0 7.0 242.583333333 36.5 8.4
1852.0 8.0 242.666666667 37.5 13.3
1852.0 9.0 242.75 38.1 14.2
1852.0 10.0 242.833333333 60.8 30.6
1852.0 11.0 242.916666667 46.6 24.1
1852.0 12.0 243.0 40.8 23.6
1853.0 1.0 243.083333333 40.0 20.6
1853.0 2.0 243.166666667 39.4 18.5
1853.0 3.0 243.25 37.0 23.8
1853.0 4.0 243.333333333 39.6 14.5
1853.0 5.0 243.416666667 27.4 11.6
1853.0 6.0 243.5 37.1 22.1
1853.0 7.0 243.583333333 39.9 19.0
1853.0 8.0 243.666666667 47.8 17.8
1853.0 9.0 243.75 34.1 16.9
1853.0 10.0 243.833333333 39.4 12.6
1853.0 11.0 243.916666667 26.4 7.7
1853.0 12.0 244.0 19.1 7.8
1854.0 1.0 244.083333333 11.8 7.5
1854.0 2.0 244.166666667 16.6 13.0
1854.0 3.0 244.25 16.7 11.2
1854.0 4.0 244.333333333 25.7 20.2
1854.0 5.0 244.416666667 19.5 14.1
1854.0 6.0 244.5 19.1 10.6
1854.0 7.0 244.583333333 16.3 13.0
1854.0 8.0 244.666666667 15.2 8.0
1854.0 9.0 244.75 19.1 12.6
1854.0 10.0 244.833333333 12.6 16.9
1854.0 11.0 244.916666667 20.6 8.2
1854.0 12.0 245.0 13.8 9.8
1855.0 1.0 245.083333333 7.4 9.9
1855.0 2.0 245.166666667 7.9 9.6
1855.0 3.0 245.25 12.9 10.1
1855.0 4.0 245.333333333 2.0 4.0
1855.0 5.0 245.416666667 8.4 12.1
1855.0 6.0 245.5 3.3 5.6
1855.0 7.0 245.583333333 0.0 0.0
1855.0 8.0 245.666666667 2.1 4.9
1855.0 9.0 245.75 0.2 1.1
1855.0 10.0 245.833333333 6.5 6.3
1855.0 11.0 245.916666667 1.6 4.4
1855.0 12.0 246.0 1.4 4.2
1856.0 1.0 246.083333333 0.0 0.0
1856.0 2.0 246.166666667 0.4 1.5
1856.0 3.0 246.25 0.0 0.0
1856.0 4.0 246.333333333 4.6 6.1
1856.0 5.0 246.416666667 0.0 0.0
1856.0 6.0 246.5 4.8 9.4
1856.0 7.0 246.583333333 4.4 6.5
1856.0 8.0 246.666666667 5.3 6.8
1856.0 9.0 246.75 3.5 5.8
1856.0 10.0 246.833333333 4.4 7.5
1856.0 11.0 246.916666667 5.4 7.3
1856.0 12.0 247.0 4.1 6.1
1857.0 1.0 247.083333333 7.9 6.0
1857.0 2.0 247.166666667 5.2 6.8
1857.0 3.0 247.25 1.9 3.9
1857.0 4.0 247.333333333 6.1 7.3
1857.0 5.0 247.416666667 20.8 11.0
1857.0 6.0 247.5 10.5 9.9
1857.0 7.0 247.583333333 15.8 10.7
1857.0 8.0 247.666666667 16.6 13.6
1857.0 9.0 247.75 32.6 15.3
1857.0 10.0 247.833333333 32.9 11.8
1857.0 11.0 247.916666667 28.0 13.4
1857.0 12.0 248.0 30.1 17.7
1858.0 1.0 248.083333333 33.4 21.4
1858.0 2.0 248.166666667 28.7 12.9
1858.0 3.0 248.25 50.9 22.4
1858.0 4.0 248.333333333 29.3 12.6
1858.0 5.0 248.416666667 37.0 18.7
1858.0 6.0 248.5 36.6 15.5
1858.0 7.0 248.583333333 48.3 18.5
1858.0 8.0 248.666666667 45.6 22.3
1858.0 9.0 248.75 70.3 20.5
1858.0 10.0 248.833333333 62.7 18.3
1858.0 11.0 248.916666667 39.7 12.1
1858.0 12.0 249.0 50.1 12.7
1859.0 1.0 249.083333333 66.2 17.0
1859.0 2.0 249.166666667 72.6 20.4
1859.0 3.0 249.25 63.7 18.9
1859.0 4.0 249.333333333 66.6 16.2
1859.0 5.0 249.416666667 67.9 19.7
1859.0 6.0 249.5 75.7 22.4
1859.0 7.0 249.583333333 85.2 21.5
1859.0 8.0 249.666666667 76.9 20.6
1859.0 9.0 249.75 80.1 18.1
1859.0 10.0 249.833333333 94.7 20.8
1859.0 11.0 249.916666667 83.1 11.9
1859.0 12.0 250.0 74.7 10.9
1860.0 1.0 250.083333333 72.1 12.6
1860.0 2.0 250.166666667 67.7 21.7
1860.0 3.0 250.25 88.0 18.2
1860.0 4.0 250.333333333 69.7 10.7
1860.0 5.0 250.416666667 96.1 15.1
1860.0 6.0 250.5 95.2 28.8
1860.0 7.0 250.583333333 103.4 33.5
1860.0 8.0 250.666666667 85.8 15.8
1860.0 9.0 250.75 92.8 16.8
1860.0 10.0 250.833333333 82.1 16.7
1860.0 11.0 250.916666667 90.3 19.3
1860.0 12.0 251.0 84.0 23.0
1861.0 1.0 251.083333333 58.9 10.5
1861.0 2.0 251.166666667 72.4 28.9
1861.0 3.0 251.25 90.1 20.4
1861.0 4.0 251.333333333 86.8 42.4
1861.0 5.0 251.416666667 55.9 31.4
1861.0 6.0 251.5 80.1 26.7
1861.0 7.0 251.583333333 72.5 9.5
1861.0 8.0 251.666666667 75.5 26.1
1861.0 9.0 251.75 71.5 17.4
1861.0 10.0 251.833333333 61.6 19.5
1861.0 11.0 251.916666667 47.5 12.1
1861.0 12.0 252.0 75.3 10.9
1862.0 1.0 252.083333333 48.2 9.8
1862.0 2.0 252.166666667 51.7 12.6
1862.0 3.0 252.25 43.8 17.2
1862.0 4.0 252.333333333 47.9 8.7
1862.0 5.0 252.416666667 58.0 8.4
1862.0 6.0 252.5 68.1 9.6
1862.0 7.0 252.583333333 55.4 13.3
1862.0 8.0 252.666666667 56.5 19.2
1862.0 9.0 252.75 53.3 18.7
1862.0 10.0 252.833333333 44.8 22.1
1862.0 11.0 252.916666667 43.5 16.4
1862.0 12.0 253.0 34.9 18.3
1863.0 1.0 253.083333333 37.8 12.7
1863.0 2.0 253.166666667 47.0 14.6
1863.0 3.0 253.25 58.8 11.8
1863.0 4.0 253.333333333 42.0 13.9
1863.0 5.0 253.416666667 55.1 16.5
1863.0 6.0 253.5 43.3 15.8
1863.0 7.0 253.583333333 34.6 11.2
1863.0 8.0 253.666666667 45.6 20.4
1863.0 9.0 253.75 20.7 11.6
1863.0 10.0 253.833333333 30.0 8.9
1863.0 11.0 253.916666667 35.5 19.4
1863.0 12.0 254.0 39.9 11.9
1864.0 1.0 254.083333333 42.1 20.1
1864.0 2.0 254.166666667 36.6 10.7
1864.0 3.0 254.25 57.5 10.3
1864.0 4.0 254.333333333 28.0 13.3
1864.0 5.0 254.416666667 30.4 10.4
1864.0 6.0 254.5 40.9 25.5
1864.0 7.0 254.583333333 34.7 9.6
1864.0 8.0 254.666666667 33.7 22.4
1864.0 9.0 254.75 24.3 7.7
1864.0 10.0 254.833333333 26.2 11.6
1864.0 11.0 254.916666667 40.3 7.9
1864.0 12.0 255.0 18.9 9.4
1865.0 1.0 255.083333333 34.7 17.3
1865.0 2.0 255.166666667 34.6 14.1
1865.0 3.0 255.25 27.9 13.4
1865.0 4.0 255.333333333 24.4 12.1
1865.0 5.0 255.416666667 25.7 10.1
1865.0 6.0 255.5 21.4 9.0
1865.0 7.0 255.583333333 21.5 8.3
1865.0 8.0 255.666666667 22.6 8.3
1865.0 9.0 255.75 14.0 8.6
1865.0 10.0 255.833333333 11.7 10.3
1865.0 11.0 255.916666667 20.2 13.7
1865.0 12.0 256.0 12.2 10.8
1866.0 1.0 256.083333333 22.4 6.6
1866.0 2.0 256.166666667 23.5 10.6
1866.0 3.0 256.25 23.0 7.8
1866.0 4.0 256.333333333 15.8 7.6
1866.0 5.0 256.416666667 11.3 7.3
1866.0 6.0 256.5 13.5 6.5
1866.0 7.0 256.583333333 10.2 7.0
1866.0 8.0 256.666666667 11.4 5.4
1866.0 9.0 256.75 7.4 7.6
1866.0 10.0 256.833333333 15.3 10.7
1866.0 11.0 256.916666667 10.4 12.5
1866.0 12.0 257.0 0.3 0.9
1867.0 1.0 257.083333333 0.4 2.0
1867.0 2.0 257.166666667 0.0 0.0
1867.0 3.0 257.25 7.0 5.9
1867.0 4.0 257.333333333 3.9 5.5
1867.0 5.0 257.416666667 3.7 6.2
1867.0 6.0 257.5 2.1 4.6
1867.0 7.0 257.583333333 4.8 6.0
1867.0 8.0 257.666666667 5.4 7.2
1867.0 9.0 257.75 6.2 6.1
1867.0 10.0 257.833333333 10.8 11.7
1867.0 11.0 257.916666667 9.7 6.8
1867.0 12.0 258.0 20.1 14.5
1868.0 1.0 258.083333333 9.3 8.8
1868.0 2.0 258.166666667 11.3 6.3
1868.0 3.0 258.25 17.4 6.0
1868.0 4.0 258.333333333 23.0 8.1
1868.0 5.0 258.416666667 20.5 9.6
1868.0 6.0 258.5 24.9 11.9
1868.0 7.0 258.583333333 19.6 15.6
1868.0 8.0 258.666666667 28.0 12.9
1868.0 9.0 258.75 38.8 13.8
1868.0 10.0 258.833333333 50.0 21.2
1868.0 11.0 258.916666667 49.8 20.2
1868.0 12.0 259.0 54.0 19.5
1869.0 1.0 259.083333333 54.5 19.3
1869.0 2.0 259.166666667 55.3 13.6
1869.0 3.0 259.25 52.7 20.0
1869.0 4.0 259.333333333 35.0 13.0
1869.0 5.0 259.416666667 74.1 24.8
1869.0 6.0 259.5 91.0 20.5
1869.0 7.0 259.583333333 56.0 19.9
1869.0 8.0 259.666666667 67.1 24.2
1869.0 9.0 259.75 63.5 15.0
1869.0 10.0 259.833333333 55.0 18.6
1869.0 11.0 259.916666667 61.0 12.4
1869.0 12.0 260.0 82.2 16.0
1870.0 1.0 260.083333333 63.6 15.1
1870.0 2.0 260.166666667 85.1 10.9
1870.0 3.0 260.25 96.4 12.4
1870.0 4.0 260.333333333 100.3 17.3
1870.0 5.0 260.416666667 122.2 18.3
1870.0 6.0 260.5 99.8 18.7
1870.0 7.0 260.583333333 106.8 20.0
1870.0 8.0 260.666666667 94.5 25.7
1870.0 9.0 260.75 84.7 28.6
1870.0 10.0 260.833333333 99.8 19.4
1870.0 11.0 260.916666667 104.8 31.0
1870.0 12.0 261.0 96.0 34.5
1871.0 1.0 261.083333333 70.8 13.0
1871.0 2.0 261.166666667 96.6 20.0
1871.0 3.0 261.25 111.1 18.9
1871.0 4.0 261.333333333 116.7 13.6
1871.0 5.0 261.416666667 112.5 13.6
1871.0 6.0 261.5 88.2 20.0
1871.0 7.0 261.583333333 82.4 18.4
1871.0 8.0 261.666666667 72.8 19.4
1871.0 9.0 261.75 68.2 18.6
1871.0 10.0 261.833333333 67.2 9.1
1871.0 11.0 261.916666667 85.9 23.8
1871.0 12.0 262.0 70.1 19.9
1872.0 1.0 262.083333333 60.3 10.2
1872.0 2.0 262.166666667 81.4 18.7
1872.0 3.0 262.25 78.2 38.1
1872.0 4.0 262.333333333 80.3 19.2
1872.0 5.0 262.416666667 91.5 21.1
1872.0 6.0 262.5 91.1 16.6
1872.0 7.0 262.583333333 88.7 25.7
1872.0 8.0 262.666666667 79.9 16.7
1872.0 9.0 262.75 86.9 21.3
1872.0 10.0 262.833333333 87.9 21.9
1872.0 11.0 262.916666667 69.1 10.4
1872.0 12.0 263.0 66.4 13.8
1873.0 1.0 263.083333333 66.3 15.1
1873.0 2.0 263.166666667 74.4 18.1
1873.0 3.0 263.25 74.7 28.4
1873.0 4.0 263.333333333 64.4 14.6
1873.0 5.0 263.416666667 39.0 20.6
1873.0 6.0 263.5 37.1 24.7
1873.0 7.0 263.583333333 52.3 23.7
1873.0 8.0 263.666666667 50.1 14.0
1873.0 9.0 263.75 44.7 8.4
1873.0 10.0 263.833333333 41.4 10.9
1873.0 11.0 263.916666667 41.8 21.1
1873.0 12.0 264.0 34.3 12.9
1874.0 1.0 264.083333333 43.9 13.2
1874.0 2.0 264.166666667 56.7 14.6
1874.0 3.0 264.25 33.5 9.3
1874.0 4.0 264.333333333 27.5 13.4
1874.0 5.0 264.416666667 31.8 10.9
1874.0 6.0 264.5 35.3 11.2
1874.0 7.0 264.583333333 50.6 15.9
1874.0 8.0 264.666666667 45.6 13.7
1874.0 9.0 264.75 27.4 10.6
1874.0 10.0 264.833333333 26.7 13.5
1874.0 11.0 264.916666667 19.8 7.3
1874.0 12.0 265.0 21.3 11.2
1875.0 1.0 265.083333333 16.4 8.3
1875.0 2.0 265.166666667 17.6 13.5
1875.0 3.0 265.25 29.3 7.8
1875.0 4.0 265.333333333 24.6 6.8
1875.0 5.0 265.416666667 10.5 10.6
1875.0 6.0 265.5 16.6 7.7
1875.0 7.0 265.583333333 11.3 6.2
1875.0 8.0 265.666666667 11.4 10.5
1875.0 9.0 265.75 6.7 7.3
1875.0 10.0 265.833333333 14.1 9.5
1875.0 11.0 265.916666667 16.5 16.9
1875.0 12.0 266.0 11.0 10.0
1876.0 1.0 266.083333333 11.7 13.2
1876.0 2.0 266.166666667 11.3 3.6
1876.0 3.0 266.25 22.5 16.9
1876.0 4.0 266.333333333 4.6 6.2
1876.0 5.0 266.416666667 4.9 5.7
1876.0 6.0 266.5 3.6 5.6
1876.0 7.0 266.583333333 14.4 11.0
1876.0 8.0 266.666666667 5.8 6.0
1876.0 9.0 266.75 7.1 5.9
1876.0 10.0 266.833333333 9.5 4.8
1876.0 11.0 266.916666667 9.5 9.1
1876.0 12.0 267.0 4.4 5.7
1877.0 1.0 267.083333333 14.1 10.7
1877.0 2.0 267.166666667 7.2 5.8
1877.0 3.0 267.25 9.4 9.7
1877.0 4.0 267.333333333 11.4 9.3
1877.0 5.0 267.416666667 15.8 7.9
1877.0 6.0 267.5 7.8 5.8
1877.0 7.0 267.583333333 3.5 5.7
1877.0 8.0 267.666666667 5.0 6.0
1877.0 9.0 267.75 11.9 7.3
1877.0 10.0 267.833333333 3.9 8.4
1877.0 11.0 267.916666667 9.7 8.6
1877.0 12.0 268.0 2.1 4.3
1878.0 1.0 268.083333333 2.3 4.6
1878.0 2.0 268.166666667 4.5 8.6
1878.0 3.0 268.25 5.8 6.9
1878.0 4.0 268.333333333 0.0 0.0
1878.0 5.0 268.416666667 3.4 6.7
1878.0 6.0 268.5 6.1 8.3
1878.0 7.0 268.583333333 0.0 0.2
1878.0 8.0 268.666666667 0.0 0.2
1878.0 9.0 268.75 4.8 6.0
1878.0 10.0 268.833333333 1.2 3.6
1878.0 11.0 268.916666667 3.8 5.5
1878.0 12.0 269.0 0.0 0.2
1879.0 1.0 269.083333333 0.6 2.2
1879.0 2.0 269.166666667 0.1 0.3
1879.0 3.0 269.25 0.0 0.0
1879.0 4.0 269.333333333 4.8 5.8
1879.0 5.0 269.416666667 2.4 4.8
1879.0 6.0 269.5 2.8 5.0
1879.0 7.0 269.583333333 6.4 8.1
1879.0 8.0 269.666666667 7.9 9.6
1879.0 9.0 269.75 6.1 6.0
1879.0 10.0 269.833333333 8.0 7.3
1879.0 11.0 269.916666667 8.4 8.1
1879.0 12.0 270.0 4.8 5.8
1880.0 1.0 270.083333333 20.5 13.5
1880.0 2.0 270.166666667 19.4 15.6
1880.0 3.0 270.25 15.5 9.0
1880.0 4.0 270.333333333 13.8 6.8
1880.0 5.0 270.416666667 15.5 9.2
1880.0 6.0 270.5 25.0 9.1
1880.0 7.0 270.583333333 18.8 10.8
1880.0 8.0 270.666666667 34.6 17.7
1880.0 9.0 270.75 50.3 11.6
1880.0 10.0 270.833333333 36.4 8.1
1880.0 11.0 270.916666667 23.5 13.7
1880.0 12.0 271.0 24.3 9.9
1881.0 1.0 271.083333333 32.9 15.1
1881.0 2.0 271.166666667 48.8 10.1
1881.0 3.0 271.25 42.0 25.1
1881.0 4.0 271.333333333 48.4 18.7
1881.0 5.0 271.416666667 38.9 12.2
1881.0 6.0 271.5 49.2 14.8
1881.0 7.0 271.583333333 64.8 17.4
1881.0 8.0 271.666666667 43.5 28.6
1881.0 9.0 271.75 41.9 14.2
1881.0 10.0 271.833333333 49.5 13.1
1881.0 11.0 271.916666667 41.8 17.7
1881.0 12.0 272.0 41.1 18.3
1882.0 1.0 272.083333333 42.2 9.3
1882.0 2.0 272.166666667 58.2 14.0
1882.0 3.0 272.25 57.3 16.3
1882.0 4.0 272.333333333 71.0 20.4
1882.0 5.0 272.416666667 46.0 20.5
1882.0 6.0 272.5 36.4 15.5
1882.0 7.0 272.583333333 39.0 18.5
1882.0 8.0 272.666666667 35.4 15.5
1882.0 9.0 272.75 42.7 15.5
1882.0 10.0 272.833333333 41.3 18.1
1882.0 11.0 272.916666667 68.2 15.8
1882.0 12.0 273.0 36.7 13.1
1883.0 1.0 273.083333333 49.5 14.2
1883.0 2.0 273.166666667 41.7 20.7
1883.0 3.0 273.25 39.2 17.2
1883.0 4.0 273.333333333 63.4 9.0
1883.0 5.0 273.416666667 33.5 18.1
1883.0 6.0 273.5 53.9 14.6
1883.0 7.0 273.583333333 62.9 29.8
1883.0 8.0 273.666666667 45.4 16.4
1883.0 9.0 273.75 49.4 22.4
1883.0 10.0 273.833333333 68.0 26.4
1883.0 11.0 273.916666667 79.3 21.6
1883.0 12.0 274.0 70.7 23.8
1884.0 1.0 274.083333333 86.0 16.2
1884.0 2.0 274.166666667 81.5 12.8
1884.0 3.0 274.25 82.5 22.0
1884.0 4.0 274.333333333 64.6 13.9
1884.0 5.0 274.416666667 69.7 17.2
1884.0 6.0 274.5 59.2 8.1
1884.0 7.0 274.583333333 51.1 16.3
1884.0 8.0 274.666666667 51.4 11.7
1884.0 9.0 274.75 60.3 14.4
1884.0 10.0 274.833333333 45.5 16.3
1884.0 11.0 274.916666667 37.6 18.6
1884.0 12.0 275.0 51.5 9.2
1885.0 1.0 275.083333333 45.4 22.8
1885.0 2.0 275.166666667 65.0 16.1
1885.0 3.0 275.25 39.8 19.4
1885.0 4.0 275.333333333 43.2 13.2
1885.0 5.0 275.416666667 72.1 20.4
1885.0 6.0 275.5 63.6 15.3
1885.0 7.0 275.583333333 56.1 13.3
1885.0 8.0 275.666666667 45.6 10.9
1885.0 9.0 275.75 39.9 14.0
1885.0 10.0 275.833333333 39.5 13.9
1885.0 11.0 275.916666667 31.8 14.8
1885.0 12.0 276.0 26.3 17.2
1886.0 1.0 276.083333333 22.7 15.8
1886.0 2.0 276.166666667 23.0 11.4
1886.0 3.0 276.25 47.9 16.6
1886.0 4.0 276.333333333 38.8 21.1
1886.0 5.0 276.416666667 24.4 15.2
1886.0 6.0 276.5 27.2 13.3
1886.0 7.0 276.583333333 25.7 16.1
1886.0 8.0 276.666666667 16.7 12.1
1886.0 9.0 276.75 21.4 15.0
1886.0 10.0 276.833333333 10.3 7.4
1886.0 11.0 276.916666667 0.1 0.3
1886.0 12.0 277.0 13.1 11.0
1887.0 1.0 277.083333333 11.6 9.3
1887.0 2.0 277.166666667 14.8 12.8
1887.0 3.0 277.25 6.8 6.9
1887.0 4.0 277.333333333 7.5 7.6
1887.0 5.0 277.416666667 18.1 12.0
1887.0 6.0 277.5 16.8 5.3
1887.0 7.0 277.583333333 22.8 13.7
1887.0 8.0 277.666666667 17.8 14.5
1887.0 9.0 277.75 6.3 7.3
1887.0 10.0 277.833333333 9.1 8.9
1887.0 11.0 277.916666667 6.6 7.3
1887.0 12.0 278.0 14.1 9.4
1888.0 1.0 278.083333333 16.3 10.0
1888.0 2.0 278.166666667 5.2 5.7
1888.0 3.0 278.25 6.8 7.4
1888.0 4.0 278.333333333 8.2 10.6
1888.0 5.0 278.416666667 5.3 6.3
1888.0 6.0 278.5 6.5 6.7
1888.0 7.0 278.583333333 4.4 7.2
1888.0 8.0 278.666666667 8.1 7.1
1888.0 9.0 278.75 12.0 7.7
1888.0 10.0 278.833333333 1.5 3.8
1888.0 11.0 278.916666667 10.2 9.0
1888.0 12.0 279.0 6.4 6.5
1889.0 1.0 279.083333333 0.2 0.7
1889.0 2.0 279.166666667 5.5 6.1
1889.0 3.0 279.25 7.2 8.6
1889.0 4.0 279.333333333 4.6 6.3
1889.0 5.0 279.416666667 2.3 4.8
1889.0 6.0 279.5 5.6 6.3
1889.0 7.0 279.583333333 11.9 10.0
1889.0 8.0 279.666666667 15.8 10.6
1889.0 9.0 279.75 6.9 6.8
1889.0 10.0 279.833333333 2.7 5.1
1889.0 11.0 279.916666667 0.1 0.4
1889.0 12.0 280.0 6.9 9.2
1890.0 1.0 280.083333333 6.3 7.1
1890.0 2.0 280.166666667 0.4 2.3
1890.0 3.0 280.25 4.7 6.2
1890.0 4.0 280.333333333 3.8 6.7
1890.0 5.0 280.416666667 8.1 9.9
1890.0 6.0 280.5 2.5 5.0
1890.0 7.0 280.583333333 12.4 10.5
1890.0 8.0 280.666666667 9.2 9.4
1890.0 9.0 280.75 19.1 10.1
1890.0 10.0 280.833333333 9.4 8.2
1890.0 11.0 280.916666667 7.6 6.7
1890.0 12.0 281.0 10.1 7.9
1891.0 1.0 281.083333333 16.4 14.8
1891.0 2.0 281.166666667 27.8 15.5
1891.0 3.0 281.25 17.2 9.1
1891.0 4.0 281.333333333 27.7 11.1
1891.0 5.0 281.416666667 50.3 17.1
1891.0 6.0 281.5 50.0 19.8
1891.0 7.0 281.583333333 48.5 13.2
1891.0 8.0 281.666666667 43.2 20.5
1891.0 9.0 281.75 49.3 16.3
1891.0 10.0 281.833333333 54.1 19.1
1891.0 11.0 281.916666667 45.2 11.9
1891.0 12.0 282.0 37.4 16.0
1892.0 1.0 282.083333333 69.7 27.5
1892.0 2.0 282.166666667 62.6 25.4
1892.0 3.0 282.25 49.7 20.4
1892.0 4.0 282.333333333 68.6 20.0
1892.0 5.0 282.416666667 71.9 17.9
1892.0 6.0 282.5 79.5 11.9
1892.0 7.0 282.583333333 65.6 18.2
1892.0 8.0 282.666666667 86.4 16.2
1892.0 9.0 282.75 65.4 13.9
1892.0 10.0 282.833333333 62.3 16.6
1892.0 11.0 282.916666667 57.1 18.1
1892.0 12.0 283.0 80.8 41.3
1893.0 1.0 283.083333333 68.7 25.9
1893.0 2.0 283.166666667 63.2 6.5
1893.0 3.0 283.25 69.6 21.3
1893.0 4.0 283.333333333 91.1 18.3
1893.0 5.0 283.416666667 98.5 16.2
1893.0 6.0 283.5 92.4 19.4
1893.0 7.0 283.583333333 93.5 21.3
1893.0 8.0 283.666666667 126.7 27.0
1893.0 9.0 283.75 79.1 11.0
1893.0 10.0 283.833333333 99.7 19.2
1893.0 11.0 283.916666667 81.8 33.0
1893.0 12.0 284.0 90.0 51.1
1894.0 1.0 284.083333333 110.2 33.3
1894.0 2.0 284.166666667 101.7 16.4
1894.0 3.0 284.25 70.0 22.6
1894.0 4.0 284.333333333 80.9 26.1
1894.0 5.0 284.416666667 100.8 15.9
1894.0 6.0 284.5 106.8 17.8
1894.0 7.0 284.583333333 114.8 23.7
1894.0 8.0 284.666666667 77.4 24.0
1894.0 9.0 284.75 81.9 28.9
1894.0 10.0 284.833333333 70.8 15.4
1894.0 11.0 284.916666667 71.6 13.4
1894.0 12.0 285.0 69.1 24.9
1895.0 1.0 285.083333333 70.9 23.5
1895.0 2.0 285.166666667 86.0 25.3
1895.0 3.0 285.25 67.9 14.5
1895.0 4.0 285.333333333 83.3 16.0
1895.0 5.0 285.416666667 70.2 31.0
1895.0 6.0 285.5 71.3 7.1
1895.0 7.0 285.583333333 59.5 28.3
1895.0 8.0 285.666666667 67.0 23.3
1895.0 9.0 285.75 62.8 17.9
1895.0 10.0 285.833333333 58.2 22.3
1895.0 11.0 285.916666667 52.8 22.5
1895.0 12.0 286.0 80.1 22.3
1896.0 1.0 286.083333333 39.3 18.2
1896.0 2.0 286.166666667 49.9 16.9
1896.0 3.0 286.25 47.6 14.2
1896.0 4.0 286.333333333 43.0 29.3
1896.0 5.0 286.416666667 25.9 14.0
1896.0 6.0 286.5 39.9 10.7
1896.0 7.0 286.583333333 45.5 14.9
1896.0 8.0 286.666666667 27.2 14.4
1896.0 9.0 286.75 43.8 17.3
1896.0 10.0 286.833333333 31.7 18.3
1896.0 11.0 286.916666667 39.7 18.0
1896.0 12.0 287.0 43.0 10.2
1897.0 1.0 287.083333333 43.2 13.3
1897.0 2.0 287.166666667 34.9 22.2
1897.0 3.0 287.25 36.9 19.7
1897.0 4.0 287.333333333 43.0 33.3
1897.0 5.0 287.416666667 21.7 13.8
1897.0 6.0 287.5 15.6 10.9
1897.0 7.0 287.583333333 36.3 11.5
1897.0 8.0 287.666666667 23.3 8.7
1897.0 9.0 287.75 52.1 14.8
1897.0 10.0 287.833333333 19.4 18.3
1897.0 11.0 287.916666667 8.6 8.7
1897.0 12.0 288.0 32.5 17.7
1898.0 1.0 288.083333333 37.4 18.1
1898.0 2.0 288.166666667 36.6 19.0
1898.0 3.0 288.25 29.9 23.1
1898.0 4.0 288.333333333 15.1 12.9
1898.0 5.0 288.416666667 29.8 8.0
1898.0 6.0 288.5 22.9 13.4
1898.0 7.0 288.583333333 9.7 10.0
1898.0 8.0 288.666666667 29.3 16.3
1898.0 9.0 288.75 24.9 8.5
1898.0 10.0 288.833333333 33.0 14.8
1898.0 11.0 288.916666667 30.4 19.7
1898.0 12.0 289.0 13.6 11.1
1899.0 1.0 289.083333333 21.5 12.1
1899.0 2.0 289.166666667 9.3 10.5
1899.0 3.0 289.25 14.4 11.0
1899.0 4.0 289.333333333 19.7 6.6
1899.0 5.0 289.416666667 8.7 7.2
1899.0 6.0 289.5 18.5 10.9
1899.0 7.0 289.583333333 17.0 13.3
1899.0 8.0 289.666666667 2.1 5.3
1899.0 9.0 289.75 6.3 10.7
1899.0 10.0 289.833333333 8.8 11.1
1899.0 11.0 289.916666667 8.0 7.1
1899.0 12.0 290.0 13.3 12.8
1900.0 1.0 290.083333333 10.0 9.3
1900.0 2.0 290.166666667 12.6 16.0
1900.0 3.0 290.25 7.3 7.7
1900.0 4.0 290.333333333 18.1 14.1
1900.0 5.0 290.416666667 13.6 13.3
1900.0 6.0 290.5 11.8 11.1
1900.0 7.0 290.583333333 8.1 9.4
1900.0 8.0 290.666666667 4.3 7.7
1900.0 9.0 290.75 8.5 11.3
1900.0 10.0 290.833333333 10.2 7.5
1900.0 11.0 290.916666667 5.1 6.6
1900.0 12.0 291.0 0.0 0.0
1901.0 1.0 291.083333333 0.0 0.0
1901.0 2.0 291.166666667 1.7 4.1
1901.0 3.0 291.25 4.8 8.6
1901.0 4.0 291.333333333 0.1 0.4
1901.0 5.0 291.416666667 5.9 7.1
1901.0 6.0 291.5 8.1 9.6
1901.0 7.0 291.583333333 0.9 3.2
1901.0 8.0 291.666666667 0.1 0.5
1901.0 9.0 291.75 0.2 0.9
1901.0 10.0 291.833333333 2.5 4.8
1901.0 11.0 291.916666667 5.5 6.6
1901.0 12.0 292.0 0.0 0.0
1902.0 1.0 292.083333333 4.5 6.6
1902.0 2.0 292.166666667 0.0 0.0
1902.0 3.0 292.25 7.2 10.0
1902.0 4.0 292.333333333 0.0 0.0
1902.0 5.0 292.416666667 3.9 6.1
1902.0 6.0 292.5 1.5 4.3
1902.0 7.0 292.583333333 0.7 2.7
1902.0 8.0 292.666666667 1.0 3.4
1902.0 9.0 292.75 7.5 10.6
1902.0 10.0 292.833333333 13.7 8.0
1902.0 11.0 292.916666667 4.8 6.4
1902.0 12.0 293.0 0.5 2.5
1903.0 1.0 293.083333333 7.8 8.1
1903.0 2.0 293.166666667 22.8 10.1
1903.0 3.0 293.25 12.9 13.8
1903.0 4.0 293.333333333 26.3 15.4
1903.0 5.0 293.416666667 15.7 14.3
1903.0 6.0 293.5 16.6 14.3
1903.0 7.0 293.583333333 27.9 12.5
1903.0 8.0 293.666666667 28.0 22.5
1903.0 9.0 293.75 12.2 12.4
1903.0 10.0 293.833333333 25.4 10.4
1903.0 11.0 293.916666667 35.3 18.3
1903.0 12.0 294.0 58.9 29.1
1904.0 1.0 294.083333333 33.1 13.6
1904.0 2.0 294.166666667 23.9 8.8
1904.0 3.0 294.25 45.7 21.0
1904.0 4.0 294.333333333 44.0 13.2
1904.0 5.0 294.416666667 51.2 17.6
1904.0 6.0 294.5 41.7 11.7
1904.0 7.0 294.583333333 51.1 17.7
1904.0 8.0 294.666666667 51.6 12.1
1904.0 9.0 294.75 32.7 12.7
1904.0 10.0 294.833333333 57.4 13.1
1904.0 11.0 294.916666667 47.8 14.7
1904.0 12.0 295.0 63.5 29.0
1905.0 1.0 295.083333333 63.2 25.4
1905.0 2.0 295.166666667 79.4 37.8
1905.0 3.0 295.25 43.8 16.6
1905.0 4.0 295.333333333 44.1 13.7
1905.0 5.0 295.416666667 47.1 24.6
1905.0 6.0 295.5 52.4 16.9
1905.0 7.0 295.583333333 57.1 25.9
1905.0 8.0 295.666666667 67.4 19.8
1905.0 9.0 295.75 65.8 23.1
1905.0 10.0 295.833333333 50.5 21.7
1905.0 11.0 295.916666667 97.4 20.2
1905.0 12.0 296.0 64.0 15.1
1906.0 1.0 296.083333333 51.1 21.9
1906.0 2.0 296.166666667 34.9 15.4
1906.0 3.0 296.25 69.1 33.3
1906.0 4.0 296.333333333 54.2 24.4
1906.0 5.0 296.416666667 52.8 17.2
1906.0 6.0 296.5 64.1 33.2
1906.0 7.0 296.583333333 111.6 23.9
1906.0 8.0 296.666666667 51.8 22.3
1906.0 9.0 296.75 61.3 13.5
1906.0 10.0 296.833333333 16.9 13.5
1906.0 11.0 296.916666667 40.1 21.9
1906.0 12.0 297.0 66.5 12.8
1907.0 1.0 297.083333333 79.9 13.2
1907.0 2.0 297.166666667 92.8 14.9
1907.0 3.0 297.25 69.2 34.8
1907.0 4.0 297.333333333 51.6 18.9
1907.0 5.0 297.416666667 41.3 12.8
1907.0 6.0 297.5 32.9 15.1
1907.0 7.0 297.583333333 43.2 19.7
1907.0 8.0 297.666666667 60.7 14.0
1907.0 9.0 297.75 84.2 24.4
1907.0 10.0 297.833333333 69.8 22.9
1907.0 11.0 297.916666667 59.6 21.1
1907.0 12.0 298.0 51.3 20.5
1908.0 1.0 298.083333333 52.4 22.1
1908.0 2.0 298.166666667 45.9 16.1
1908.0 3.0 298.25 39.3 22.0
1908.0 4.0 298.333333333 68.3 28.6
1908.0 5.0 298.416666667 55.8 34.0
1908.0 6.0 298.5 54.0 17.9
1908.0 7.0 298.583333333 48.2 26.6
1908.0 8.0 298.666666667 65.1 16.9
1908.0 9.0 298.75 75.3 10.4
1908.0 10.0 298.833333333 39.5 28.9
1908.0 11.0 298.916666667 45.1 15.9
1908.0 12.0 299.0 48.0 13.0
1909.0 1.0 299.083333333 60.2 20.2
1909.0 2.0 299.166666667 49.7 19.7
1909.0 3.0 299.25 59.8 28.4
1909.0 4.0 299.333333333 37.4 17.7
1909.0 5.0 299.416666667 34.1 9.2
1909.0 6.0 299.5 28.1 11.1
1909.0 7.0 299.583333333 35.8 22.8
1909.0 8.0 299.666666667 34.4 15.9
1909.0 9.0 299.75 34.3 12.0
1909.0 10.0 299.833333333 62.0 16.2
1909.0 11.0 299.916666667 60.0 20.2
1909.0 12.0 300.0 61.1 37.0
1910.0 1.0 300.083333333 38.1 20.2
1910.0 2.0 300.166666667 27.7 19.2
1910.0 3.0 300.25 24.9 7.4
1910.0 4.0 300.333333333 12.2 10.4
1910.0 5.0 300.416666667 30.1 16.6
1910.0 6.0 300.5 15.1 9.6
1910.0 7.0 300.583333333 18.3 13.4
1910.0 8.0 300.666666667 13.5 12.2
1910.0 9.0 300.75 29.7 19.5
1910.0 10.0 300.833333333 34.6 19.4
1910.0 11.0 300.916666667 6.4 9.1
1910.0 12.0 301.0 6.9 9.0
1911.0 1.0 301.083333333 5.4 6.9
1911.0 2.0 301.166666667 9.7 11.0
1911.0 3.0 301.25 10.5 11.0
1911.0 4.0 301.333333333 26.8 17.6
1911.0 5.0 301.416666667 15.0 14.9
1911.0 6.0 301.5 5.2 8.2
1911.0 7.0 301.583333333 5.6 7.1
1911.0 8.0 301.666666667 6.4 7.8
1911.0 9.0 301.75 5.0 7.3
1911.0 10.0 301.833333333 3.3 5.9
1911.0 11.0 301.916666667 6.7 7.1
1911.0 12.0 302.0 2.7 5.3
1912.0 1.0 302.083333333 0.0 0.0
1912.0 2.0 302.166666667 0.0 0.0
1912.0 3.0 302.25 5.4 6.9
1912.0 4.0 302.333333333 3.1 5.7
1912.0 5.0 302.416666667 4.1 6.1
1912.0 6.0 302.5 7.0 7.8
1912.0 7.0 302.583333333 3.4 5.8
1912.0 8.0 302.666666667 0.0 0.0
1912.0 9.0 302.75 9.8 8.3
1912.0 10.0 302.833333333 3.3 5.9
1912.0 11.0 302.916666667 0.0 0.0
1912.0 12.0 303.0 7.1 8.8
1913.0 1.0 303.083333333 1.8 4.1
1913.0 2.0 303.166666667 4.3 6.6
1913.0 3.0 303.25 0.5 2.3
1913.0 4.0 303.333333333 1.4 4.3
1913.0 5.0 303.416666667 0.0 0.0
1913.0 6.0 303.5 0.0 0.0
1913.0 7.0 303.583333333 2.7 5.6
1913.0 8.0 303.666666667 0.0 0.0
1913.0 9.0 303.75 0.8 2.8
1913.0 10.0 303.833333333 4.5 6.6
1913.0 11.0 303.916666667 0.1 0.4
1913.0 12.0 304.0 3.4 6.0
1914.0 1.0 304.083333333 3.5 8.0
1914.0 2.0 304.166666667 3.1 6.1
1914.0 3.0 304.25 4.6 6.9
1914.0 4.0 304.333333333 17.7 7.3
1914.0 5.0 304.416666667 6.9 11.6
1914.0 6.0 304.5 10.3 12.7
1914.0 7.0 304.583333333 8.2 8.6
1914.0 8.0 304.666666667 8.6 9.6
1914.0 9.0 304.75 20.2 18.6
1914.0 10.0 304.833333333 9.7 8.7
1914.0 11.0 304.916666667 22.3 7.8
1914.0 12.0 305.0 33.6 17.6
1915.0 1.0 305.083333333 29.7 18.1
1915.0 2.0 305.166666667 48.8 23.7
1915.0 3.0 305.25 52.6 27.8
1915.0 4.0 305.333333333 45.6 19.8
1915.0 5.0 305.416666667 40.8 37.1
1915.0 6.0 305.5 57.8 36.8
1915.0 7.0 305.583333333 67.5 24.6
1915.0 8.0 305.666666667 63.7 12.4
1915.0 9.0 305.75 52.6 19.2
1915.0 10.0 305.833333333 48.6 15.0
1915.0 11.0 305.916666667 52.5 12.9
1915.0 12.0 306.0 46.3 17.8
1916.0 1.0 306.083333333 60.5 18.4
1916.0 2.0 306.166666667 68.7 29.1
1916.0 3.0 306.25 65.7 14.0
1916.0 4.0 306.333333333 74.1 24.1
1916.0 5.0 306.416666667 83.4 15.5
1916.0 6.0 306.5 73.4 39.0
1916.0 7.0 306.583333333 64.3 27.0
1916.0 8.0 306.666666667 52.5 24.9
1916.0 9.0 306.75 57.6 29.4
1916.0 10.0 306.833333333 61.3 38.5
1916.0 11.0 306.916666667 76.5 33.0
1916.0 12.0 307.0 66.7 21.6
1917.0 1.0 307.083333333 89.4 22.8
1917.0 2.0 307.166666667 75.9 25.3
1917.0 3.0 307.25 100.0 12.6
1917.0 4.0 307.333333333 80.1 38.7
1917.0 5.0 307.416666667 106.6 23.4
1917.0 6.0 307.5 133.6 19.9
1917.0 7.0 307.583333333 121.3 23.2
1917.0 8.0 307.666666667 157.1 38.1
1917.0 9.0 307.75 134.3 21.3
1917.0 10.0 307.833333333 80.5 20.2
1917.0 11.0 307.916666667 101.2 27.1
1917.0 12.0 308.0 141.4 41.4
1918.0 1.0 308.083333333 104.3 22.9
1918.0 2.0 308.166666667 74.9 19.4
1918.0 3.0 308.25 81.9 17.5
1918.0 4.0 308.333333333 89.8 16.8
1918.0 5.0 308.416666667 91.3 34.2
1918.0 6.0 308.5 71.4 46.2
1918.0 7.0 308.583333333 115.0 25.3
1918.0 8.0 308.666666667 102.2 22.9
1918.0 9.0 308.75 84.7 22.8
1918.0 10.0 308.833333333 92.2 16.6
1918.0 11.0 308.916666667 95.7 52.0
1918.0 12.0 309.0 67.3 26.3
1919.0 1.0 309.083333333 55.2 25.7
1919.0 2.0 309.166666667 74.1 24.2
1919.0 3.0 309.25 72.2 15.3
1919.0 4.0 309.333333333 58.6 27.7
1919.0 5.0 309.416666667 80.3 13.0
1919.0 6.0 309.5 123.0 20.2
1919.0 7.0 309.583333333 88.6 21.7
1919.0 8.0 309.666666667 82.5 24.8
1919.0 9.0 309.75 67.0 12.7
1919.0 10.0 309.833333333 60.7 20.4
1919.0 11.0 309.916666667 45.9 19.6
1919.0 12.0 310.0 51.5 20.6
1920.0 1.0 310.083333333 40.8 18.4
1920.0 2.0 310.166666667 68.7 36.7
1920.0 3.0 310.25 56.5 18.9
1920.0 4.0 310.333333333 23.6 11.1
1920.0 5.0 310.416666667 54.9 23.2
1920.0 6.0 310.5 51.3 11.7
1920.0 7.0 310.583333333 40.3 10.9
1920.0 8.0 310.666666667 26.5 16.3
1920.0 9.0 310.75 32.9 22.9
1920.0 10.0 310.833333333 56.7 11.9
1920.0 11.0 310.916666667 32.0 15.3
1920.0 12.0 311.0 37.9 18.7
1921.0 1.0 311.083333333 34.0 11.6
1921.0 2.0 311.166666667 31.7 10.1
1921.0 3.0 311.25 34.0 17.7
1921.0 4.0 311.333333333 39.9 14.5
1921.0 5.0 311.416666667 19.0 11.7
1921.0 6.0 311.5 40.0 21.5
1921.0 7.0 311.583333333 42.9 25.6
1921.0 8.0 311.666666667 23.1 14.6
1921.0 9.0 311.75 20.5 12.4
1921.0 10.0 311.833333333 20.9 14.3
1921.0 11.0 311.916666667 18.4 17.3
1921.0 12.0 312.0 19.4 15.2
1922.0 1.0 312.083333333 16.3 15.5
1922.0 2.0 312.166666667 26.5 19.4
1922.0 3.0 312.25 45.6 22.1
1922.0 4.0 312.333333333 17.3 17.7
1922.0 5.0 312.416666667 8.8 8.0
1922.0 6.0 312.5 8.6 9.9
1922.0 7.0 312.583333333 12.8 13.5
1922.0 8.0 312.666666667 7.8 9.2
1922.0 9.0 312.75 7.2 6.8
1922.0 10.0 312.833333333 9.0 8.5
1922.0 11.0 312.916666667 9.7 6.1
1922.0 12.0 313.0 19.9 17.1
1923.0 1.0 313.083333333 4.6 10.2
1923.0 2.0 313.166666667 2.1 4.7
1923.0 3.0 313.25 3.4 5.7
1923.0 4.0 313.333333333 7.4 6.6
1923.0 5.0 313.416666667 4.4 6.1
1923.0 6.0 313.5 9.5 10.3
1923.0 7.0 313.583333333 4.8 7.0
1923.0 8.0 313.666666667 0.3 1.2
1923.0 9.0 313.75 15.7 8.7
1923.0 10.0 313.833333333 16.4 8.2
1923.0 11.0 313.916666667 9.9 7.5
1923.0 12.0 314.0 4.0 6.9
1924.0 1.0 314.083333333 0.1 0.4
1924.0 2.0 314.166666667 3.7 7.1
1924.0 3.0 314.25 2.7 5.5
1924.0 4.0 314.333333333 8.1 10.8
1924.0 5.0 314.416666667 26.5 17.4
1924.0 6.0 314.5 21.2 6.5
1924.0 7.0 314.583333333 34.1 16.0
1924.0 8.0 314.666666667 27.5 14.1
1924.0 9.0 314.75 26.3 12.7
1924.0 10.0 314.833333333 29.2 13.3
1924.0 11.0 314.916666667 17.1 14.9
1924.0 12.0 315.0 21.5 18.9
1925.0 1.0 315.083333333 6.6 8.8
1925.0 2.0 315.166666667 30.3 19.0
1925.0 3.0 315.25 17.3 11.4
1925.0 4.0 315.333333333 44.8 20.7
1925.0 5.0 315.416666667 48.2 23.3
1925.0 6.0 315.5 58.9 45.2
1925.0 7.0 315.583333333 48.4 13.4
1925.0 8.0 315.666666667 43.8 24.5
1925.0 9.0 315.75 78.8 29.5
1925.0 10.0 315.833333333 78.1 30.8
1925.0 11.0 315.916666667 52.2 24.1
1925.0 12.0 316.0 107.1 33.0
1926.0 1.0 316.083333333 80.6 28.0
1926.0 2.0 316.166666667 74.9 30.7
1926.0 3.0 316.25 69.7 22.4
1926.0 4.0 316.333333333 52.7 22.3
1926.0 5.0 316.416666667 68.2 23.1
1926.0 6.0 316.5 82.7 25.4
1926.0 7.0 316.583333333 59.8 31.5
1926.0 8.0 316.666666667 66.2 23.2
1926.0 9.0 316.75 65.9 23.9
1926.0 10.0 316.833333333 72.8 25.9
1926.0 11.0 316.916666667 73.0 31.7
1926.0 12.0 317.0 82.6 17.9
1927.0 1.0 317.083333333 79.9 15.8
1927.0 2.0 317.166666667 111.7 34.0
1927.0 3.0 317.25 88.2 26.7
1927.0 4.0 317.333333333 108.5 23.7
1927.0 5.0 317.416666667 94.3 29.7
1927.0 6.0 317.5 68.6 29.3
1927.0 7.0 317.583333333 62.1 19.6
1927.0 8.0 317.666666667 51.8 17.8
1927.0 9.0 317.75 78.2 29.0
1927.0 10.0 317.833333333 74.1 17.2
1927.0 11.0 317.916666667 67.2 22.5
1927.0 12.0 318.0 46.4 20.6
1928.0 1.0 318.083333333 84.1 26.8
1928.0 2.0 318.166666667 83.4 33.0
1928.0 3.0 318.25 86.5 10.8
1928.0 4.0 318.333333333 92.7 35.3
1928.0 5.0 318.416666667 69.3 35.8
1928.0 6.0 318.5 93.6 40.9
1928.0 7.0 318.583333333 94.1 27.9
1928.0 8.0 318.666666667 102.7 24.3
1928.0 9.0 318.75 79.0 22.2
1928.0 10.0 318.833333333 70.8 18.4
1928.0 11.0 318.916666667 65.8 24.2
1928.0 12.0 319.0 66.0 31.1
1929.0 1.0 319.083333333 67.2 20.5
1929.0 2.0 319.166666667 76.3 21.1
1929.0 3.0 319.25 52.4 27.7
1929.0 4.0 319.333333333 61.2 13.1
1929.0 5.0 319.416666667 71.0 20.2
1929.0 6.0 319.5 89.6 22.2
1929.0 7.0 319.583333333 87.5 21.1
1929.0 8.0 319.666666667 84.0 31.3
1929.0 9.0 319.75 52.4 21.7
1929.0 10.0 319.833333333 49.7 12.3
1929.0 11.0 319.916666667 79.5 22.4
1929.0 12.0 320.0 121.8 41.0
1930.0 1.0 320.083333333 80.8 32.1
1930.0 2.0 320.166666667 64.1 47.4
1930.0 3.0 320.25 40.5 12.6
1930.0 4.0 320.333333333 47.5 12.7
1930.0 5.0 320.416666667 42.8 19.7
1930.0 6.0 320.5 38.8 17.7
1930.0 7.0 320.583333333 33.0 12.2
1930.0 8.0 320.666666667 33.2 16.5
1930.0 9.0 320.75 44.7 27.3
1930.0 10.0 320.833333333 29.8 9.6
1930.0 11.0 320.916666667 38.3 27.4
1930.0 12.0 321.0 37.0 20.9
1931.0 1.0 321.083333333 18.2 13.3
1931.0 2.0 321.166666667 41.0 19.6
1931.0 3.0 321.25 34.1 12.3
1931.0 4.0 321.333333333 43.0 11.6
1931.0 5.0 321.416666667 30.5 10.4
1931.0 6.0 321.5 18.3 17.9
1931.0 7.0 321.583333333 25.4 17.5
1931.0 8.0 321.666666667 19.8 19.8
1931.0 9.0 321.75 27.0 8.6
1931.0 10.0 321.833333333 13.4 7.5
1931.0 11.0 321.916666667 19.5 13.1
1931.0 12.0 322.0 21.2 12.8
1932.0 1.0 322.083333333 18.0 15.0
1932.0 2.0 322.166666667 11.9 11.1
1932.0 3.0 322.25 13.9 13.9
1932.0 4.0 322.333333333 10.0 9.0
1932.0 5.0 322.416666667 24.2 16.8
1932.0 6.0 322.5 25.3 10.6
1932.0 7.0 322.583333333 12.7 11.5
1932.0 8.0 322.666666667 9.8 10.0
1932.0 9.0 322.75 5.6 7.5
1932.0 10.0 322.833333333 12.8 8.6
1932.0 11.0 322.916666667 6.2 6.2
1932.0 12.0 323.0 11.6 6.7
1933.0 1.0 323.083333333 15.5 14.7
1933.0 2.0 323.166666667 15.8 16.0
1933.0 3.0 323.25 11.4 8.6
1933.0 4.0 323.333333333 3.0 5.9
1933.0 5.0 323.416666667 4.3 6.9
1933.0 6.0 323.5 6.6 7.3
1933.0 7.0 323.583333333 4.3 8.5
1933.0 8.0 323.666666667 0.5 2.5
1933.0 9.0 323.75 6.1 6.6
1933.0 10.0 323.833333333 3.1 5.9
1933.0 11.0 323.916666667 0.4 2.2
1933.0 12.0 324.0 0.4 2.3
1934.0 1.0 324.083333333 4.2 6.1
1934.0 2.0 324.166666667 10.7 7.5
1934.0 3.0 324.25 5.8 8.6
1934.0 4.0 324.333333333 11.6 9.0
1934.0 5.0 324.416666667 18.1 11.5
1934.0 6.0 324.5 7.1 9.5
1934.0 7.0 324.583333333 13.8 14.3
1934.0 8.0 324.666666667 9.5 10.7
1934.0 9.0 324.75 5.9 9.1
1934.0 10.0 324.833333333 8.7 7.5
1934.0 11.0 324.916666667 10.0 10.5
1934.0 12.0 325.0 19.8 19.8
1935.0 1.0 325.083333333 23.0 11.2
1935.0 2.0 325.166666667 23.1 8.4
1935.0 3.0 325.25 28.0 21.9
1935.0 4.0 325.333333333 15.3 12.7
1935.0 5.0 325.416666667 34.3 24.8
1935.0 6.0 325.5 49.6 15.6
1935.0 7.0 325.583333333 37.5 21.6
1935.0 8.0 325.666666667 39.2 13.9
1935.0 9.0 325.75 54.1 23.7
1935.0 10.0 325.833333333 73.5 30.3
1935.0 11.0 325.916666667 66.9 28.3
1935.0 12.0 326.0 69.6 21.6
1936.0 1.0 326.083333333 65.7 21.5
1936.0 2.0 326.166666667 87.8 22.6
1936.0 3.0 326.25 83.4 13.4
1936.0 4.0 326.333333333 90.7 20.1
1936.0 5.0 326.416666667 71.7 17.8
1936.0 6.0 326.5 79.9 25.6
1936.0 7.0 326.583333333 60.2 15.8
1936.0 8.0 326.666666667 92.4 23.8
1936.0 9.0 326.75 88.2 27.9
1936.0 10.0 326.833333333 98.6 22.3
1936.0 11.0 326.916666667 114.5 48.1
1936.0 12.0 327.0 133.2 47.4
1937.0 1.0 327.083333333 143.5 35.9
1937.0 2.0 327.166666667 154.5 42.6
1937.0 3.0 327.25 104.0 39.8
1937.0 4.0 327.333333333 103.6 28.0
1937.0 5.0 327.416666667 119.9 40.6
1937.0 6.0 327.5 121.2 33.4
1937.0 7.0 327.583333333 139.6 39.8
1937.0 8.0 327.666666667 143.7 39.4
1937.0 9.0 327.75 116.5 21.7
1937.0 10.0 327.833333333 114.3 26.9
1937.0 11.0 327.916666667 95.7 17.5
1937.0 12.0 328.0 90.7 22.6
1938.0 1.0 328.083333333 96.4 16.3
1938.0 2.0 328.166666667 110.5 23.0
1938.0 3.0 328.25 86.2 32.8
1938.0 4.0 328.333333333 104.9 17.2
1938.0 5.0 328.416666667 138.4 25.5
1938.0 6.0 328.5 109.3 23.1
1938.0 7.0 328.583333333 153.2 22.6
1938.0 8.0 328.666666667 140.0 23.7
1938.0 9.0 328.75 95.2 30.9
1938.0 10.0 328.833333333 105.7 41.0
1938.0 11.0 328.916666667 117.5 43.4
1938.0 12.0 329.0 105.7 31.2
1939.0 1.0 329.083333333 102.4 19.5
1939.0 2.0 329.166666667 93.2 20.9
1939.0 3.0 329.25 76.5 25.8
1939.0 4.0 329.333333333 123.8 31.7
1939.0 5.0 329.416666667 137.5 24.4
1939.0 6.0 329.5 119.1 25.9
1939.0 7.0 329.583333333 89.8 27.2
1939.0 8.0 329.666666667 98.5 28.3
1939.0 9.0 329.75 101.5 19.9
1939.0 10.0 329.833333333 92.9 23.8
1939.0 11.0 329.916666667 73.2 11.0
1939.0 12.0 330.0 59.4 14.5
1940.0 1.0 330.083333333 49.3 14.6
1940.0 2.0 330.166666667 63.7 12.6
1940.0 3.0 330.25 87.3 26.4
1940.0 4.0 330.333333333 75.6 17.5
1940.0 5.0 330.416666667 59.1 21.8
1940.0 6.0 330.5 84.4 24.1
1940.0 7.0 330.583333333 76.2 18.8
1940.0 8.0 330.666666667 92.1 16.8
1940.0 9.0 330.75 65.5 15.1
1940.0 10.0 330.833333333 57.2 9.8
1940.0 11.0 330.916666667 69.9 26.5
1940.0 12.0 331.0 79.8 40.4
1941.0 1.0 331.083333333 53.3 18.8
1941.0 2.0 331.166666667 54.6 22.6
1941.0 3.0 331.25 55.1 12.6
1941.0 4.0 331.333333333 37.7 16.7
1941.0 5.0 331.416666667 36.8 11.5
1941.0 6.0 331.5 57.0 17.6
1941.0 7.0 331.583333333 62.5 21.9
1941.0 8.0 331.666666667 63.5 27.1
1941.0 9.0 331.75 57.2 13.7
1941.0 10.0 331.833333333 44.8 11.1
1941.0 11.0 331.916666667 36.8 19.2
1941.0 12.0 332.0 39.3 21.4
1942.0 1.0 332.083333333 40.5 20.9
1942.0 2.0 332.166666667 52.4 11.3
1942.0 3.0 332.25 49.0 32.6
1942.0 4.0 332.333333333 62.5 24.9
1942.0 5.0 332.416666667 30.9 17.6
1942.0 6.0 332.5 13.5 10.0
1942.0 7.0 332.583333333 17.8 11.5
1942.0 8.0 332.666666667 24.3 9.8
1942.0 9.0 332.75 21.6 8.3
1942.0 10.0 332.833333333 22.2 12.7
1942.0 11.0 332.916666667 30.6 14.5
1942.0 12.0 333.0 27.9 12.8
1943.0 1.0 333.083333333 16.0 10.5
1943.0 2.0 333.166666667 23.4 11.4
1943.0 3.0 333.25 20.8 8.1
1943.0 4.0 333.333333333 20.7 7.3
1943.0 5.0 333.416666667 15.7 7.1
1943.0 6.0 333.5 10.4 9.0
1943.0 7.0 333.583333333 11.6 9.6
1943.0 8.0 333.666666667 25.1 15.3
1943.0 9.0 333.75 8.4 8.0
1943.0 10.0 333.833333333 8.1 6.1
1943.0 11.0 333.916666667 10.8 9.4
1943.0 12.0 334.0 15.1 9.1
1944.0 1.0 334.083333333 4.4 6.3
1944.0 2.0 334.166666667 0.6 2.5
1944.0 3.0 334.25 10.7 12.0
1944.0 4.0 334.333333333 0.0 0.2
1944.0 5.0 334.416666667 1.8 4.9
1944.0 6.0 334.5 7.0 6.1
1944.0 7.0 334.583333333 5.6 5.9
1944.0 8.0 334.666666667 21.1 12.5
1944.0 9.0 334.75 11.5 7.1
1944.0 10.0 334.833333333 21.8 12.7
1944.0 11.0 334.916666667 13.8 8.3
1944.0 12.0 335.0 30.5 19.2
1945.0 1.0 335.083333333 26.3 12.3
1945.0 2.0 335.166666667 15.3 8.5
1945.0 3.0 335.25 21.4 10.8
1945.0 4.0 335.333333333 30.9 16.4
1945.0 5.0 335.416666667 38.6 14.5
1945.0 6.0 335.5 42.4 22.4
1945.0 7.0 335.583333333 44.2 23.8
1945.0 8.0 335.666666667 29.5 17.0
1945.0 9.0 335.75 37.5 19.6
1945.0 10.0 335.833333333 69.7 15.3
1945.0 11.0 335.916666667 59.3 13.6
1945.0 12.0 336.0 32.4 12.7
1946.0 1.0 336.083333333 51.9 23.0
1946.0 2.0 336.166666667 91.1 19.0
1946.0 3.0 336.25 84.4 18.4
1946.0 4.0 336.333333333 86.9 26.7
1946.0 5.0 336.416666667 86.2 30.5
1946.0 6.0 336.5 85.1 30.7
1946.0 7.0 336.583333333 97.7 20.5
1946.0 8.0 336.666666667 102.7 14.8
1946.0 9.0 336.75 102.3 35.1
1946.0 10.0 336.833333333 119.8 36.2
1946.0 11.0 336.916666667 126.6 25.3
1946.0 12.0 337.0 108.7 17.6
1947.0 1.0 337.083333333 119.0 48.9
1947.0 2.0 337.166666667 124.6 30.4
1947.0 3.0 337.25 127.6 29.2
1947.0 4.0 337.333333333 137.8 36.5
1947.0 5.0 337.416666667 182.4 41.6
1947.0 6.0 337.5 152.7 40.5
1947.0 7.0 337.583333333 150.0 26.1
1947.0 8.0 337.666666667 161.0 50.6
1947.0 9.0 337.75 157.1 44.2
1947.0 10.0 337.833333333 158.2 35.8
1947.0 11.0 337.916666667 147.1 49.5
1947.0 12.0 338.0 121.3 17.8
1948.0 1.0 338.083333333 127.0 16.1
1948.0 2.0 338.166666667 100.3 18.6
1948.0 3.0 338.25 95.5 25.5
1948.0 4.0 338.333333333 168.0 28.6
1948.0 5.0 338.416666667 142.6 27.3
1948.0 6.0 338.5 139.1 20.1
1948.0 7.0 338.583333333 126.6 24.4
1948.0 8.0 338.666666667 150.1 33.2
1948.0 9.0 338.75 125.2 42.7
1948.0 10.0 338.833333333 125.9 46.0
1948.0 11.0 338.916666667 103.7 15.2
1948.0 12.0 339.0 125.5 27.7
1949.0 1.0 339.083333333 118.3 25.8
1949.0 2.0 339.166666667 157.7 35.6
1949.0 3.0 339.25 162.4 19.2
1949.0 4.0 339.333333333 148.9 19.7
1949.0 5.0 339.416666667 115.8 23.7
1949.0 6.0 339.5 116.1 31.5
1949.0 7.0 339.583333333 118.7 33.4
1949.0 8.0 339.666666667 110.0 40.3
1949.0 9.0 339.75 127.7 34.7
1949.0 10.0 339.833333333 118.0 25.9
1949.0 11.0 339.916666667 135.5 20.9
1949.0 12.0 340.0 122.1 19.6
1950.0 1.0 340.083333333 97.1 28.2
1950.0 2.0 340.166666667 85.6 37.7
1950.0 3.0 340.25 111.4 27.7
1950.0 4.0 340.333333333 88.3 28.6
1950.0 5.0 340.416666667 94.3 27.3
1950.0 6.0 340.5 75.8 15.1
1950.0 7.0 340.583333333 75.5 20.4
1950.0 8.0 340.666666667 78.0 15.5
1950.0 9.0 340.75 52.7 17.1
1950.0 10.0 340.833333333 54.8 21.9
1950.0 11.0 340.916666667 50.3 17.9
1950.0 12.0 341.0 47.9 32.4
1951.0 1.0 341.083333333 46.8 23.0
1951.0 2.0 341.166666667 52.6 20.4
1951.0 3.0 341.25 52.1 20.6
1951.0 4.0 341.333333333 67.2 18.7
1951.0 5.0 341.416666667 81.4 34.7
1951.0 6.0 341.5 64.3 16.3
1951.0 7.0 341.583333333 61.7 20.1
1951.0 8.0 341.666666667 52.3 24.2
1951.0 9.0 341.75 74.3 21.1
1951.0 10.0 341.833333333 48.8 19.0
1951.0 11.0 341.916666667 61.1 10.1
1951.0 12.0 342.0 37.1 10.4
1952.0 1.0 342.083333333 38.3 18.1
1952.0 2.0 342.166666667 21.2 12.3
1952.0 3.0 342.25 21.9 20.9
1952.0 4.0 342.333333333 26.9 13.8
1952.0 5.0 342.416666667 23.5 12.9
1952.0 6.0 342.5 41.2 23.4
1952.0 7.0 342.583333333 34.3 14.9
1952.0 8.0 342.666666667 52.5 13.6
1952.0 9.0 342.75 28.7 18.8
1952.0 10.0 342.833333333 20.5 12.1
1952.0 11.0 342.916666667 16.0 7.4
1952.0 12.0 343.0 30.4 17.0
1953.0 1.0 343.083333333 27.4 19.7
1953.0 2.0 343.166666667 4.7 6.6
1953.0 3.0 343.25 10.5 14.8
1953.0 4.0 343.333333333 23.6 19.6
1953.0 5.0 343.416666667 12.1 9.8
1953.0 6.0 343.5 19.9 6.9
1953.0 7.0 343.583333333 6.4 8.1
1953.0 8.0 343.666666667 23.6 23.6
1953.0 9.0 343.75 23.4 16.3
1953.0 10.0 343.833333333 7.4 6.9
1953.0 11.0 343.916666667 1.8 4.7
1953.0 12.0 344.0 2.3 4.8
1954.0 1.0 344.083333333 0.0 0.0
1954.0 2.0 344.166666667 0.5 2.3
1954.0 3.0 344.25 5.8 6.4
1954.0 4.0 344.333333333 2.7 5.8
1954.0 5.0 344.416666667 0.4 2.2
1954.0 6.0 344.5 0.0 0.0
1954.0 7.0 344.583333333 6.0 6.7
1954.0 8.0 344.666666667 8.7 6.1
1954.0 9.0 344.75 0.7 2.4
1954.0 10.0 344.833333333 9.5 9.7
1954.0 11.0 344.916666667 10.9 15.9
1954.0 12.0 345.0 7.7 8.5
1955.0 1.0 345.083333333 24.8 10.8
1955.0 2.0 345.166666667 23.8 12.6
1955.0 3.0 345.25 6.1 9.5
1955.0 4.0 345.333333333 14.5 11.5
1955.0 5.0 345.416666667 26.6 16.8
1955.0 6.0 345.5 22.6 14.4
1955.0 7.0 345.583333333 32.9 19.1
1955.0 8.0 345.666666667 37.1 18.1
1955.0 9.0 345.75 53.6 34.2
1955.0 10.0 345.833333333 62.4 31.3
1955.0 11.0 345.916666667 79.4 15.4
1955.0 12.0 346.0 73.0 14.5
1956.0 1.0 346.083333333 68.3 15.8
1956.0 2.0 346.166666667 111.0 47.0
1956.0 3.0 346.25 120.9 21.7
1956.0 4.0 346.333333333 121.5 54.0
1956.0 5.0 346.416666667 117.8 26.9
1956.0 6.0 346.5 105.0 18.7
1956.0 7.0 346.583333333 116.0 37.9
1956.0 8.0 346.666666667 154.3 34.9
1956.0 9.0 346.75 164.9 45.7
1956.0 10.0 346.833333333 133.2 21.9
1956.0 11.0 346.916666667 144.9 33.9
1956.0 12.0 347.0 155.9 31.2
1957.0 1.0 347.083333333 145.2 28.3
1957.0 2.0 347.166666667 128.5 26.1
1957.0 3.0 347.25 145.4 28.7
1957.0 4.0 347.333333333 159.6 32.2
1957.0 5.0 347.416666667 139.5 35.0
1957.0 6.0 347.5 157.6 19.1
1957.0 7.0 347.583333333 168.9 36.3
1957.0 8.0 347.666666667 141.3 28.1
1957.0 9.0 347.75 164.1 32.8
1957.0 10.0 347.833333333 222.1 30.3
1957.0 11.0 347.916666667 199.8 32.1
1957.0 12.0 348.0 219.0 38.5
1958.0 1.0 348.083333333 220.0 46.8
1958.0 2.0 348.166666667 162.7 16.0
1958.0 3.0 348.25 156.9 27.3
1958.0 4.0 348.333333333 187.8 39.5
1958.0 5.0 348.416666667 184.8 42.9
1958.0 6.0 348.5 155.8 35.0
1958.0 7.0 348.583333333 167.0 26.4
1958.0 8.0 348.666666667 181.6 31.3
1958.0 9.0 348.75 188.0 32.1
1958.0 10.0 348.833333333 173.8 32.6
1958.0 11.0 348.916666667 146.7 38.8
1958.0 12.0 349.0 176.5 42.5
1959.0 1.0 349.083333333 212.6 34.9
1959.0 2.0 349.166666667 144.8 32.0
1959.0 3.0 349.25 174.2 20.6
1959.0 4.0 349.333333333 160.1 33.8
1959.0 5.0 349.416666667 145.2 25.1
1959.0 6.0 349.5 159.6 17.4
1959.0 7.0 349.583333333 142.0 22.5
1959.0 8.0 349.666666667 170.6 23.9
1959.0 9.0 349.75 139.9 31.3
1959.0 10.0 349.833333333 117.5 20.9
1959.0 11.0 349.916666667 110.6 20.0
1959.0 12.0 350.0 117.2 26.4
1960.0 1.0 350.083333333 146.4 20.4
1960.0 2.0 350.166666667 100.3 49.2
1960.0 3.0 350.25 99.0 22.4
1960.0 4.0 350.333333333 98.9 17.9
1960.0 5.0 350.416666667 109.6 14.4
1960.0 6.0 350.5 105.2 29.0
1960.0 7.0 350.583333333 105.3 24.8
1960.0 8.0 350.666666667 110.0 49.2
1960.0 9.0 350.75 129.4 39.5
1960.0 10.0 350.833333333 76.9 34.5
1960.0 11.0 350.916666667 74.2 17.8
1960.0 12.0 351.0 90.4 26.5
1961.0 1.0 351.083333333 48.5 21.3
1961.0 2.0 351.166666667 46.4 17.3
1961.0 3.0 351.25 58.8 24.3
1961.0 4.0 351.333333333 62.6 18.1
1961.0 5.0 351.416666667 45.0 15.8
1961.0 6.0 351.5 65.5 25.3
1961.0 7.0 351.583333333 58.9 15.3
1961.0 8.0 351.666666667 51.9 32.1
1961.0 9.0 351.75 43.5 20.1
1961.0 10.0 351.833333333 39.4 17.6
1961.0 11.0 351.916666667 34.2 24.7
1961.0 12.0 352.0 34.6 23.5
1962.0 1.0 352.083333333 27.2 18.1
1962.0 2.0 352.166666667 37.3 19.0
1962.0 3.0 352.25 36.0 18.5
1962.0 4.0 352.333333333 37.8 15.5
1962.0 5.0 352.416666667 35.5 8.6
1962.0 6.0 352.5 40.2 16.2
1962.0 7.0 352.583333333 19.4 8.2
1962.0 8.0 352.666666667 16.5 12.9
1962.0 9.0 352.75 42.9 17.0
1962.0 10.0 352.833333333 36.0 11.1
1962.0 11.0 352.916666667 24.6 13.9
1962.0 12.0 353.0 23.4 17.5
1963.0 1.0 353.083333333 22.2 11.1
1963.0 2.0 353.166666667 24.2 9.6
1963.0 3.0 353.25 16.8 9.7
1963.0 4.0 353.333333333 23.2 20.0
1963.0 5.0 353.416666667 36.5 16.3
1963.0 6.0 353.5 31.9 13.5
1963.0 7.0 353.583333333 18.8 8.9
1963.0 8.0 353.666666667 29.3 14.3
1963.0 9.0 353.75 28.7 16.5
1963.0 10.0 353.833333333 27.9 18.1
1963.0 11.0 353.916666667 22.4 14.2
1963.0 12.0 354.0 11.8 10.2
1964.0 1.0 354.083333333 16.9 7.6
1964.0 2.0 354.166666667 17.0 15.8
1964.0 3.0 354.25 15.1 12.8
1964.0 4.0 354.333333333 8.1 7.2
1964.0 5.0 354.416666667 9.1 6.4
1964.0 6.0 354.5 9.2 9.5
1964.0 7.0 354.583333333 3.7 6.0
1964.0 8.0 354.666666667 9.0 9.9
1964.0 9.0 354.75 4.9 6.9
1964.0 10.0 354.833333333 5.6 7.3
1964.0 11.0 354.916666667 5.9 7.7
1964.0 12.0 355.0 18.0 14.6
1965.0 1.0 355.083333333 20.3 11.1
1965.0 2.0 355.166666667 20.0 12.0
1965.0 3.0 355.25 13.4 7.8
1965.0 4.0 355.333333333 7.9 8.5
1965.0 5.0 355.416666667 20.2 19.0
1965.0 6.0 355.5 13.6 13.1
1965.0 7.0 355.583333333 9.7 8.2
1965.0 8.0 355.666666667 7.5 7.7
1965.0 9.0 355.75 15.8 8.7
1965.0 10.0 355.833333333 16.1 11.0
1965.0 11.0 355.916666667 14.6 13.1
1965.0 12.0 356.0 15.8 15.2
1966.0 1.0 356.083333333 21.7 14.8
1966.0 2.0 356.166666667 24.0 14.4
1966.0 3.0 356.25 16.3 7.5
1966.0 4.0 356.333333333 34.0 13.0
1966.0 5.0 356.416666667 36.8 18.6
1966.0 6.0 356.5 50.1 20.6
1966.0 7.0 356.583333333 60.3 15.3
1966.0 8.0 356.666666667 54.7 22.2
1966.0 9.0 356.75 39.3 11.9
1966.0 10.0 356.833333333 58.8 19.8
1966.0 11.0 356.916666667 60.0 10.8
1966.0 12.0 357.0 69.3 15.6
1967.0 1.0 357.083333333 104.0 29.1
1967.0 2.0 357.166666667 100.5 22.4
1967.0 3.0 357.25 102.7 34.6
1967.0 4.0 357.333333333 81.0 21.4
1967.0 5.0 357.416666667 90.9 47.7
1967.0 6.0 357.5 72.9 29.3
1967.0 7.0 357.583333333 91.8 16.1
1967.0 8.0 357.666666667 97.5 18.3
1967.0 9.0 357.75 85.0 33.8
1967.0 10.0 357.833333333 94.3 32.8
1967.0 11.0 357.916666667 98.9 31.5
1967.0 12.0 358.0 129.7 22.3
1968.0 1.0 358.083333333 103.5 33.4
1968.0 2.0 358.166666667 101.9 37.3
1968.0 3.0 358.25 93.5 30.6
1968.0 4.0 358.333333333 86.5 20.0
1968.0 5.0 358.416666667 132.3 21.9
1968.0 6.0 358.5 107.5 26.4
1968.0 7.0 358.583333333 87.6 31.7
1968.0 8.0 358.666666667 102.4 29.8
1968.0 9.0 358.75 116.7 23.9
1968.0 10.0 358.833333333 84.0 14.9
1968.0 11.0 358.916666667 76.2 23.4
1968.0 12.0 359.0 86.2 21.5
1969.0 1.0 359.083333333 87.9 16.3
1969.0 2.0 359.166666667 96.9 22.1
1969.0 3.0 359.25 120.0 24.2
1969.0 4.0 359.333333333 93.3 27.1
1969.0 5.0 359.416666667 112.3 31.6
1969.0 6.0 359.5 95.6 33.5
1969.0 7.0 359.583333333 93.9 30.7
1969.0 8.0 359.666666667 80.0 32.9
1969.0 9.0 359.75 90.3 20.1
1969.0 10.0 359.833333333 83.6 26.9
1969.0 11.0 359.916666667 83.8 22.5
1969.0 12.0 360.0 113.8 40.3
1970.0 1.0 360.083333333 112.1 37.3
1970.0 2.0 360.166666667 126.3 19.4
1970.0 3.0 360.25 105.4 25.5
1970.0 4.0 360.333333333 106.0 22.7
1970.0 5.0 360.416666667 127.7 17.9
1970.0 6.0 360.5 101.6 22.9
1970.0 7.0 360.583333333 114.6 29.4
1970.0 8.0 360.666666667 98.8 29.2
1970.0 9.0 360.75 117.8 21.8
1970.0 10.0 360.833333333 92.3 27.0
1970.0 11.0 360.916666667 104.5 17.3
1970.0 12.0 361.0 94.5 13.8
1971.0 1.0 361.083333333 88.0 18.6
1971.0 2.0 361.166666667 84.0 17.0
1971.0 3.0 361.25 74.4 21.6
1971.0 4.0 361.333333333 89.1 29.9
1971.0 5.0 361.416666667 61.5 20.9
1971.0 6.0 361.5 60.0 24.1
1971.0 7.0 361.583333333 88.8 22.5
1971.0 8.0 361.666666667 66.8 23.0
1971.0 9.0 361.75 52.5 18.9
1971.0 10.0 361.833333333 53.8 17.6
1971.0 11.0 361.916666667 69.6 18.8
1971.0 12.0 362.0 93.3 23.8
1972.0 1.0 362.083333333 66.6 27.6
1972.0 2.0 362.166666667 84.1 24.0
1972.0 3.0 362.25 86.2 27.0
1972.0 4.0 362.333333333 74.1 19.0
1972.0 5.0 362.416666667 62.3 25.2
1972.0 6.0 362.5 86.0 23.3
1972.0 7.0 362.583333333 91.3 18.6
1972.0 8.0 362.666666667 79.1 35.9
1972.0 9.0 362.75 77.3 21.4
1972.0 10.0 362.833333333 67.3 30.6
1972.0 11.0 362.916666667 46.7 23.9
1972.0 12.0 363.0 43.0 14.7
1973.0 1.0 363.083333333 42.4 18.4
1973.0 2.0 363.166666667 52.5 24.8
1973.0 3.0 363.25 43.5 13.9
1973.0 4.0 363.333333333 47.5 21.1
1973.0 5.0 363.416666667 37.7 15.1
1973.0 6.0 363.5 44.4 17.0
1973.0 7.0 363.583333333 24.0 12.5
1973.0 8.0 363.666666667 31.5 21.2
1973.0 9.0 363.75 64.4 35.9
1973.0 10.0 363.833333333 36.5 28.6
1973.0 11.0 363.916666667 23.2 18.4
1973.0 12.0 364.0 23.4 17.9
1974.0 1.0 364.083333333 33.5 30.9
1974.0 2.0 364.166666667 27.5 17.6
1974.0 3.0 364.25 24.8 9.0
1974.0 4.0 364.333333333 32.3 16.0
1974.0 5.0 364.416666667 39.3 35.7
1974.0 6.0 364.5 30.2 15.0
1974.0 7.0 364.583333333 48.0 12.0
1974.0 8.0 364.666666667 43.1 25.6
1974.0 9.0 364.75 42.9 25.4
1974.0 10.0 364.833333333 41.7 29.8
1974.0 11.0 364.916666667 25.2 10.3
1974.0 12.0 365.0 20.2 15.7
1975.0 1.0 365.083333333 22.2 13.0
1975.0 2.0 365.166666667 10.1 9.3
1975.0 3.0 365.25 9.8 9.1
1975.0 4.0 365.333333333 4.7 8.8
1975.0 5.0 365.416666667 8.3 12.2
1975.0 6.0 365.5 12.0 10.7
1975.0 7.0 365.583333333 31.7 10.1
1975.0 8.0 365.666666667 28.0 10.2
1975.0 9.0 365.75 17.7 11.5
1975.0 10.0 365.833333333 10.3 7.9
1975.0 11.0 365.916666667 17.7 12.0
1975.0 12.0 366.0 8.1 7.7
1976.0 1.0 366.083333333 8.6 9.0
1976.0 2.0 366.166666667 4.4 6.7
1976.0 3.0 366.25 17.0 10.2
1976.0 4.0 366.333333333 21.1 12.0
1976.0 5.0 366.416666667 15.3 9.9
1976.0 6.0 366.5 13.8 10.3
1976.0 7.0 366.583333333 2.9 5.3
1976.0 8.0 366.666666667 18.1 8.0
1976.0 9.0 366.75 15.8 9.2
1976.0 10.0 366.833333333 23.4 12.6
1976.0 11.0 366.916666667 5.5 6.2
1976.0 12.0 367.0 16.3 13.4
1977.0 1.0 367.083333333 18.4 13.6
1977.0 2.0 367.166666667 23.2 19.1
1977.0 3.0 367.25 12.5 8.2
1977.0 4.0 367.333333333 13.1 7.0
1977.0 5.0 367.416666667 19.7 12.5
1977.0 6.0 367.5 31.2 9.6
1977.0 7.0 367.583333333 24.5 15.5
1977.0 8.0 367.666666667 33.5 13.4
1977.0 9.0 367.75 43.8 12.8
1977.0 10.0 367.833333333 54.8 12.3
1977.0 11.0 367.916666667 38.9 16.0
1977.0 12.0 368.0 48.1 17.1
1978.0 1.0 368.083333333 60.2 31.4
1978.0 2.0 368.166666667 99.1 25.5
1978.0 3.0 368.25 92.6 22.0
1978.0 4.0 368.333333333 117.6 21.2
1978.0 5.0 368.416666667 91.5 18.4
1978.0 6.0 368.5 106.6 40.5
1978.0 7.0 368.583333333 78.8 28.0
1978.0 8.0 368.666666667 67.5 23.4
1978.0 9.0 368.75 129.9 32.1
1978.0 10.0 368.833333333 150.3 26.6
1978.0 11.0 368.916666667 108.8 21.5
1978.0 12.0 369.0 129.0 16.8
1979.0 1.0 369.083333333 179.4 21.8
1979.0 2.0 369.166666667 145.7 18.3
1979.0 3.0 369.25 166.0 24.9
1979.0 4.0 369.333333333 96.2 15.5
1979.0 5.0 369.416666667 154.6 34.9
1979.0 6.0 369.5 151.3 27.4
1979.0 7.0 369.583333333 156.9 28.9
1979.0 8.0 369.666666667 135.0 33.0
1979.0 9.0 369.75 166.1 38.8
1979.0 10.0 369.833333333 175.1 25.2
1979.0 11.0 369.916666667 174.1 38.7
1979.0 12.0 370.0 167.5 75.0
1980.0 1.0 370.083333333 143.5 33.5
1980.0 2.0 370.166666667 126.2 32.5
1980.0 3.0 370.25 128.7 38.6
1980.0 4.0 370.333333333 115.4 15.1
1980.0 5.0 370.416666667 155.1 28.3
1980.0 6.0 370.5 153.4 22.9
1980.0 7.0 370.583333333 142.3 38.6
1980.0 8.0 370.666666667 145.4 45.6
1980.0 9.0 370.75 144.7 31.3
1980.0 10.0 370.833333333 150.1 31.0
1980.0 11.0 370.916666667 123.2 38.8
1980.0 12.0 371.0 165.4 32.6
1981.0 1.0 371.083333333 126.6 26.5
1981.0 2.0 371.166666667 127.0 24.8
1981.0 3.0 371.25 142.5 23.9
1981.0 4.0 371.333333333 149.8 35.1
1981.0 5.0 371.416666667 133.9 47.9
1981.0 6.0 371.5 93.7 24.4
1981.0 7.0 371.583333333 137.5 25.9
1981.0 8.0 371.666666667 149.6 46.2
1981.0 9.0 371.75 180.7 22.5
1981.0 10.0 371.833333333 150.2 35.6
1981.0 11.0 371.916666667 139.8 52.0
1981.0 12.0 372.0 160.0 57.5
1982.0 1.0 372.083333333 127.1 35.9
1982.0 2.0 372.166666667 157.8 41.4
1982.0 3.0 372.25 153.3 15.7
1982.0 4.0 372.333333333 138.1 28.3
1982.0 5.0 372.416666667 94.3 22.4
1982.0 6.0 372.5 101.1 24.6
1982.0 7.0 372.583333333 86.2 48.9
1982.0 8.0 372.666666667 106.5 29.0
1982.0 9.0 372.75 119.6 29.0
1982.0 10.0 372.833333333 100.9 19.9
1982.0 11.0 372.916666667 103.7 18.5
1982.0 12.0 373.0 108.7 27.4
1983.0 1.0 373.083333333 100.5 16.4
1983.0 2.0 373.166666667 65.4 31.3
1983.0 3.0 373.25 74.7 23.3
1983.0 4.0 373.333333333 82.2 22.3
1983.0 5.0 373.416666667 96.2 20.9
1983.0 6.0 373.5 84.8 29.8
1983.0 7.0 373.583333333 89.0 19.2
1983.0 8.0 373.666666667 75.8 15.5
1983.0 9.0 373.75 58.5 18.7
1983.0 10.0 373.833333333 58.1 30.0
1983.0 11.0 373.916666667 36.7 28.6
1983.0 12.0 374.0 37.7 19.8
1984.0 1.0 374.083333333 54.7 23.0
1984.0 2.0 374.166666667 71.1 13.1
1984.0 3.0 374.25 94.6 23.5
1984.0 4.0 374.333333333 51.8 19.8
1984.0 5.0 374.416666667 55.9 13.6
1984.0 6.0 374.5 52.5 17.3
1984.0 7.0 374.583333333 54.6 26.2
1984.0 8.0 374.666666667 27.8 10.1
1984.0 9.0 374.75 16.1 21.3
1984.0 10.0 374.833333333 9.2 6.3
1984.0 11.0 374.916666667 19.2 9.4
1984.0 12.0 375.0 20.7 6.6
1985.0 1.0 375.083333333 13.1 11.7
1985.0 2.0 375.166666667 19.2 7.2
1985.0 3.0 375.25 15.8 11.7
1985.0 4.0 375.333333333 13.2 8.9
1985.0 5.0 375.416666667 27.2 12.5
1985.0 6.0 375.5 29.4 18.8
1985.0 7.0 375.583333333 29.4 16.1
1985.0 8.0 375.666666667 12.5 11.1
1985.0 9.0 375.75 6.0 6.8
1985.0 10.0 375.833333333 12.9 12.2
1985.0 11.0 375.916666667 14.2 13.0
1985.0 12.0 376.0 10.4 10.1
1986.0 1.0 376.083333333 3.6 5.8
1986.0 2.0 376.166666667 16.5 11.3
1986.0 3.0 376.25 10.8 7.9
1986.0 4.0 376.333333333 17.1 11.1
1986.0 5.0 376.416666667 14.2 10.1
1986.0 6.0 376.5 0.9 3.1
1986.0 7.0 376.583333333 16.8 9.8
1986.0 8.0 376.666666667 9.8 6.1
1986.0 9.0 376.75 5.1 6.7
1986.0 10.0 376.833333333 29.7 18.9
1986.0 11.0 376.916666667 14.5 12.2
1986.0 12.0 377.0 6.4 8.6
1987.0 1.0 377.083333333 11.4 7.7
1987.0 2.0 377.166666667 6.0 8.0
1987.0 3.0 377.25 16.7 6.7
1987.0 4.0 377.333333333 37.5 18.4
1987.0 5.0 377.416666667 28.2 10.9
1987.0 6.0 377.5 17.5 14.5
1987.0 7.0 377.583333333 29.0 29.7
1987.0 8.0 377.666666667 36.5 11.7
1987.0 9.0 377.75 33.3 12.1
1987.0 10.0 377.833333333 47.0 14.3
1987.0 11.0 377.916666667 40.6 14.6
1987.0 12.0 378.0 27.4 10.2
1988.0 1.0 378.083333333 57.0 16.6
1988.0 2.0 378.166666667 45.0 16.8
1988.0 3.0 378.25 56.0 13.1
1988.0 4.0 378.333333333 78.2 28.4
1988.0 5.0 378.416666667 60.5 23.1
1988.0 6.0 378.5 88.2 18.1
1988.0 7.0 378.583333333 83.7 14.0
1988.0 8.0 378.666666667 99.7 27.6
1988.0 9.0 378.75 125.1 26.8
1988.0 10.0 378.833333333 112.3 32.3
1988.0 11.0 378.916666667 116.0 25.5
1988.0 12.0 379.0 149.9 25.4
1989.0 1.0 379.083333333 122.5 32.4
1989.0 2.0 379.166666667 136.5 21.0
1989.0 3.0 379.25 126.0 25.6
1989.0 4.0 379.333333333 124.1 25.6
1989.0 5.0 379.416666667 146.1 38.3
1989.0 6.0 379.5 181.9 30.7
1989.0 7.0 379.583333333 147.5 19.5
1989.0 8.0 379.666666667 184.6 44.6
1989.0 9.0 379.75 135.4 36.5
1989.0 10.0 379.833333333 166.9 40.5
1989.0 11.0 379.916666667 143.5 35.9
1989.0 12.0 380.0 156.9 38.5
1990.0 1.0 380.083333333 166.0 30.6
1990.0 2.0 380.166666667 136.5 44.9
1990.0 3.0 380.25 136.4 42.1
1990.0 4.0 380.333333333 142.1 25.3
1990.0 5.0 380.416666667 131.1 23.4
1990.0 6.0 380.5 136.3 30.6
1990.0 7.0 380.583333333 149.5 40.5
1990.0 8.0 380.666666667 195.9 37.6
1990.0 9.0 380.75 155.1 21.7
1990.0 10.0 380.833333333 163.3 44.8
1990.0 11.0 380.916666667 131.5 50.8
1990.0 12.0 381.0 138.5 53.8
1991.0 1.0 381.083333333 131.3 28.0
1991.0 2.0 381.166666667 177.5 27.1
1991.0 3.0 381.25 125.9 22.3
1991.0 4.0 381.333333333 155.5 47.0
1991.0 5.0 381.416666667 131.0 28.9
1991.0 6.0 381.5 168.2 24.3
1991.0 7.0 381.583333333 176.1 46.8
1991.0 8.0 381.666666667 179.2 58.6
1991.0 9.0 381.75 132.1 18.9
1991.0 10.0 381.833333333 127.2 22.4
1991.0 11.0 381.916666667 123.1 24.8
1991.0 12.0 382.0 127.7 26.1
1992.0 1.0 382.083333333 137.5 31.1
1992.0 2.0 382.166666667 163.5 28.4
1992.0 3.0 382.25 125.4 26.9
1992.0 4.0 382.333333333 97.8 35.7
1992.0 5.0 382.416666667 73.4 15.9
1992.0 6.0 382.5 78.5 18.1
1992.0 7.0 382.583333333 74.9 27.5
1992.0 8.0 382.666666667 61.6 24.3
1992.0 9.0 382.75 71.0 26.2
1992.0 10.0 382.833333333 89.2 25.7
1992.0 11.0 382.916666667 94.7 20.4
1992.0 12.0 383.0 86.4 19.2
1993.0 1.0 383.083333333 69.7 21.5
1993.0 2.0 383.166666667 82.0 18.6
1993.0 3.0 383.25 67.5 15.6
1993.0 4.0 383.333333333 59.6 21.4
1993.0 5.0 383.416666667 53.5 18.3
1993.0 6.0 383.5 44.6 23.5
1993.0 7.0 383.583333333 69.0 11.8
1993.0 8.0 383.666666667 49.2 17.4
1993.0 9.0 383.75 27.0 14.7
1993.0 10.0 383.833333333 47.3 12.1
1993.0 11.0 383.916666667 30.4 15.0
1993.0 12.0 384.0 46.6 14.5
1994.0 1.0 384.083333333 51.1 16.7
1994.0 2.0 384.166666667 47.4 10.9
1994.0 3.0 384.25 41.0 17.3
1994.0 4.0 384.333333333 24.1 18.0
1994.0 5.0 384.416666667 26.7 17.4
1994.0 6.0 384.5 33.7 22.9
1994.0 7.0 384.583333333 41.0 22.6
1994.0 8.0 384.666666667 28.2 14.4
1994.0 9.0 384.75 32.1 21.3
1994.0 10.0 384.833333333 49.0 14.7
1994.0 11.0 384.916666667 27.5 14.6
1994.0 12.0 385.0 26.5 13.2
1995.0 1.0 385.083333333 27.7 17.6
1995.0 2.0 385.166666667 39.6 12.8
1995.0 3.0 385.25 35.4 15.6
1995.0 4.0 385.333333333 11.0 10.2
1995.0 5.0 385.416666667 15.1 14.0
1995.0 6.0 385.5 18.3 11.9
1995.0 7.0 385.583333333 17.0 12.1
1995.0 8.0 385.666666667 18.5 13.2
1995.0 9.0 385.75 12.5 12.0
1995.0 10.0 385.833333333 13.9 9.9
1995.0 11.0 385.916666667 11.7 10.8
1995.0 12.0 386.0 7.6 9.0
