1.032167045918263057e+03
9.820969092169107171e+02
8.779525678639615762e+02
8.779525678639615762e+02
6.818222764532890778e+02
6.818222764532890778e+02
6.818222764532890778e+02
6.818222764532890778e+02
6.818222764532890778e+02
6.818222764532890778e+02
6.818222764532890778e+02
6.026566539375892262e+02
4.925661460044609044e+02
4.817394698230627341e+02
2.084581880172120236e+02
1.013568028218159327e+02
1.013568028218159327e+02
9.069478982317684768e+01
8.575141189239685957e+01
8.575141189239685957e+01
8.575141189239685957e+01
8.575141189239685957e+01
8.575141189239685957e+01
8.250757956699266060e+01
8.250757956699266060e+01
8.342626356454594827e+01
8.342626356454594827e+01
8.342626356454594827e+01
8.342626356454594827e+01
8.387938864935780714e+01
8.387938864935780714e+01
8.274959569542636473e+01
8.274959569542636473e+01
8.274959569542636473e+01
8.274959569542636473e+01
8.274959569542636473e+01
8.342148306873652075e+01
8.342148306873652075e+01
8.342148306873652075e+01
8.342148306873652075e+01
8.342148306873652075e+01
8.342148306873652075e+01
8.388849020438588866e+01
8.388849020438588866e+01
8.388849020438588866e+01
8.388849020438588866e+01
8.700664460104879083e+01
8.700664460104879083e+01
8.700664460104879083e+01
8.700664460104879083e+01
8.700664460104879083e+01
8.700664460104879083e+01
8.700664460104879083e+01
8.700664460104879083e+01
8.700664460104879083e+01
8.700664460104879083e+01
8.700664460104879083e+01
8.700664460104879083e+01
8.700664460104879083e+01
8.700664460104879083e+01
8.700664460104879083e+01
8.700664460104879083e+01
8.700664460104879083e+01
8.737712063520734773e+01
8.737712063520734773e+01
8.737712063520734773e+01
8.737712063520734773e+01
8.737712063520734773e+01
8.737712063520734773e+01
8.516171707669147395e+01
8.516171707669147395e+01
8.516171707669147395e+01
8.516171707669147395e+01
8.516171707669147395e+01
8.516171707669147395e+01
8.516171707669147395e+01
8.516171707669147395e+01
8.516171707669147395e+01
8.516171707669147395e+01
8.332633301262498549e+01
8.332633301262498549e+01
8.297068710654987456e+01
8.297068710654987456e+01
8.297068710654987456e+01
8.297068710654987456e+01
8.297068710654987456e+01
8.297068710654987456e+01
8.764694856272728885e+01
8.736979608252090657e+01
8.392817845150496225e+01
8.391721034867302365e+01
8.391721034867302365e+01
8.391721034867302365e+01
8.391721034867302365e+01
8.391721034867302365e+01
8.391721034867302365e+01
8.391721034867302365e+01
8.391721034867302365e+01
8.391721034867302365e+01
8.177717422412098358e+01
8.208316446322493221e+01
8.178047937519129107e+01
8.178047937519129107e+01
8.163652492033564556e+01
8.163652492033564556e+01
8.163652492033564556e+01
8.163652492033564556e+01
8.163652492033564556e+01
8.163652492033564556e+01
8.163652492033564556e+01
8.120428222400806817e+01
8.120428222400806817e+01
8.120428222400806817e+01
8.120428222400806817e+01
8.120428222400806817e+01
8.120428222400806817e+01
8.120428222400806817e+01
8.120428222400806817e+01
8.120428222400806817e+01
8.120428222400806817e+01
8.120428222400806817e+01
8.120428222400806817e+01
8.120428222400806817e+01
8.084542906041600929e+01
8.084542906041600929e+01
8.318399887732444142e+01
8.318399887732444142e+01
8.373855522161619547e+01
8.373855522161619547e+01
8.373855522161619547e+01
8.174880871517061109e+01
8.174880871517061109e+01
8.174880871517061109e+01
8.174880871517061109e+01
8.174880871517061109e+01
8.174880871517061109e+01
8.431427915423753916e+01
8.431427915423753916e+01
8.431427915423753916e+01
8.431427915423753916e+01
8.431427915423753916e+01
8.431427915423753916e+01
8.431427915423753916e+01
8.431427915423753916e+01
8.431427915423753916e+01
8.431427915423753916e+01
8.431427915423753916e+01
8.431427915423753916e+01
8.431427915423753916e+01
8.431427915423753916e+01
8.431427915423753916e+01
8.431427915423753916e+01
8.431427915423753916e+01
8.431427915423753916e+01
8.132327565417726589e+01
8.132327565417726589e+01
8.132327565417726589e+01
8.132327565417726589e+01
8.132327565417726589e+01
8.132327565417726589e+01
8.206365586473174289e+01
8.206365586473174289e+01
8.206365586473174289e+01
8.206365586473174289e+01
8.206365586473174289e+01
8.206365586473174289e+01
8.206365586473174289e+01
8.206365586473174289e+01
8.279960542500532483e+01
8.279960542500532483e+01
8.279960542500532483e+01
8.279960542500532483e+01
8.279960542500532483e+01
8.279960542500532483e+01
8.279960542500532483e+01
8.279960542500532483e+01
8.279960542500532483e+01
8.279960542500532483e+01
8.279960542500532483e+01
8.279960542500532483e+01
8.279960542500532483e+01
8.279960542500532483e+01
8.214288056761758128e+01
8.214288056761758128e+01
8.214288056761758128e+01
8.214288056761758128e+01
8.222862740710158391e+01
8.253843174592535092e+01
8.253843174592535092e+01
8.325763419230223406e+01
8.612213427174265234e+01
8.653643893501138962e+01
8.105686209787165808e+01
8.105686209787165808e+01
8.105686209787165808e+01
8.105686209787165808e+01
8.105686209787165808e+01
8.105686209787165808e+01
8.105686209787165808e+01
8.105686209787165808e+01
8.105686209787165808e+01
8.149596475023707853e+01
8.127757030321680531e+01
8.127757030321680531e+01
8.127757030321680531e+01
8.127757030321680531e+01
8.152711235581412552e+01
8.152711235581412552e+01
8.151986626467567021e+01
8.256413144845966201e+01
8.256413144845966201e+01
8.207409589615429013e+01
8.207409589615429013e+01
8.422421836763091108e+01
8.204953762685232732e+01
8.204953762685232732e+01
8.204953762685232732e+01
8.204953762685232732e+01
8.081027833530887960e+01
8.081027833530887960e+01
8.081027833530887960e+01
8.081027833530887960e+01
8.081027833530887960e+01
8.081027833530887960e+01
8.186349851331505079e+01
8.009944940750806097e+01
8.009944940750806097e+01
8.009944940750806097e+01
8.009944940750806097e+01
8.009944940750806097e+01
7.974129169224184466e+01
7.974129169224184466e+01
7.974129169224184466e+01
8.030869905881615978e+01
8.030869905881615978e+01
8.030869905881615978e+01
7.924710434618175725e+01
7.907184415363568064e+01
7.941195535103156544e+01
7.941195535103156544e+01
7.941195535103156544e+01
7.805234639359198923e+01
7.907481262714730974e+01
7.907481262714730974e+01
7.907481262714730974e+01
7.907481262714730974e+01
7.907481262714730974e+01
7.907481262714730974e+01
7.907481262714730974e+01
7.907481262714730974e+01
7.907481262714730974e+01
7.907481262714730974e+01
7.907481262714730974e+01
7.907481262714730974e+01
7.907481262714730974e+01
7.907481262714730974e+01
7.907481262714730974e+01
7.907481262714730974e+01
7.907481262714730974e+01
7.732701727316118934e+01
7.732701727316118934e+01
7.744530915032382268e+01
7.744530915032382268e+01
7.744530915032382268e+01
7.593921392244220669e+01
7.641602146783291971e+01
7.641602146783291971e+01
7.641602146783291971e+01
7.641602146783291971e+01
7.641602146783291971e+01
7.641602146783291971e+01
7.641602146783291971e+01
7.641602146783291971e+01
7.524759554774419712e+01
7.524759554774419712e+01
7.524759554774419712e+01
7.770402400246196351e+01
7.770402400246196351e+01
7.692945302826544207e+01
7.692945302826544207e+01
7.692945302826544207e+01
7.672376006643992241e+01
7.666369036458748099e+01
7.666369036458748099e+01
7.666369036458748099e+01
7.666369036458748099e+01
7.412951678049398652e+01
7.412951678049398652e+01
7.395710207318492735e+01
7.395710207318492735e+01
7.245470007110452570e+01
7.256547317096189431e+01
7.170648695355947666e+01
7.170648695355947666e+01
7.170648695355947666e+01
7.170648695355947666e+01
7.170648695355947666e+01
7.170648695355947666e+01
7.576743874009024182e+01
7.977969351434651912e+01
7.977969351434651912e+01
7.977969351434651912e+01
7.407236239661830268e+01
7.375376667667514141e+01
7.220975940015387096e+01
7.281142052739014048e+01
7.183649652937172903e+01
7.183649652937172903e+01
7.183649652937172903e+01
7.183649652937172903e+01
7.397705445373019018e+01
7.293943994212199300e+01
7.569687605540286768e+01
7.324951098466507915e+01
7.324951098466507915e+01
7.324951098466507915e+01
7.324951098466507915e+01
7.324951098466507915e+01
7.324951098466507915e+01
7.324951098466507915e+01
7.197265673556245247e+01
7.197265673556245247e+01
7.197265673556245247e+01
7.197265673556245247e+01
7.197265673556245247e+01
7.197265673556245247e+01
7.264584005641968645e+01
7.264584005641968645e+01
7.264584005641968645e+01
7.055424444039947218e+01
7.055424444039947218e+01
6.948748559207420783e+01
6.948748559207420783e+01
6.948748559207420783e+01
7.031171423407225518e+01
7.031171423407225518e+01
7.031171423407225518e+01
7.031171423407225518e+01
7.031171423407225518e+01
7.031171423407225518e+01
7.031171423407225518e+01
7.031171423407225518e+01
7.031171423407225518e+01
6.951806763424393409e+01
6.951806763424393409e+01
6.951806763424393409e+01
6.951806763424393409e+01
6.951806763424393409e+01
6.951806763424393409e+01
6.951806763424393409e+01
6.951806763424393409e+01
6.951806763424393409e+01
6.951806763424393409e+01
6.951806763424393409e+01
6.951806763424393409e+01
6.951806763424393409e+01
7.041822525737003957e+01
7.041822525737003957e+01
7.041822525737003957e+01
7.041822525737003957e+01
7.041822525737003957e+01
7.041822525737003957e+01
7.041822525737003957e+01
7.041822525737003957e+01
7.041822525737003957e+01
7.041822525737003957e+01
7.199930278297884456e+01
7.199930278297884456e+01
7.199930278297884456e+01
7.199930278297884456e+01
7.171013784955648873e+01
7.171013784955648873e+01
7.171013784955648873e+01
7.171013784955648873e+01
7.171013784955648873e+01
7.365218530567048560e+01
7.365218530567048560e+01
7.365218530567048560e+01
7.365218530567048560e+01
7.365218530567048560e+01
7.365218530567048560e+01
7.365218530567048560e+01
7.696964888742590460e+01
7.535771077588788103e+01
7.503490346238623943e+01
7.455006590754182128e+01
7.455006590754182128e+01
7.455006590754182128e+01
7.455006590754182128e+01
7.455006590754182128e+01
7.455006590754182128e+01
7.455006590754182128e+01
7.455006590754182128e+01
7.745817919531862117e+01
7.745817919531862117e+01
7.745817919531862117e+01
7.745817919531862117e+01
7.745817919531862117e+01
7.745817919531862117e+01
7.745817919531862117e+01
7.745817919531862117e+01
7.745817919531862117e+01
7.745817919531862117e+01
7.745817919531862117e+01
7.745817919531862117e+01
7.745817919531862117e+01
7.448590330865944509e+01
7.448590330865944509e+01
7.448590330865944509e+01
7.448590330865944509e+01
7.448590330865944509e+01
7.448590330865944509e+01
7.448590330865944509e+01
7.448590330865944509e+01
7.448590330865944509e+01
7.448590330865944509e+01
7.625972070066183051e+01
7.665367491685822188e+01
7.665367491685822188e+01
7.665367491685822188e+01
7.665367491685822188e+01
7.665367491685822188e+01
7.665367491685822188e+01
7.520754541473138488e+01
7.520754541473138488e+01
7.520754541473138488e+01
7.520754541473138488e+01
7.520754541473138488e+01
7.520754541473138488e+01
7.520754541473138488e+01
7.520754541473138488e+01
7.663924487398678309e+01
7.663924487398678309e+01
7.663924487398678309e+01
7.663924487398678309e+01
7.320528529526409045e+01
7.320528529526409045e+01
7.320528529526409045e+01
7.508726840684703063e+01
7.508726840684703063e+01
7.508726840684703063e+01
7.508726840684703063e+01
7.508726840684703063e+01
7.383217169245891398e+01
7.383217169245891398e+01
7.383217169245891398e+01
7.383217169245891398e+01
7.383217169245891398e+01
7.383217169245891398e+01
7.383217169245891398e+01
7.383217169245891398e+01
7.383217169245891398e+01
7.383217169245891398e+01
7.383217169245891398e+01
7.383217169245891398e+01
7.423148728044998279e+01
7.423148728044998279e+01
7.423148728044998279e+01
7.423148728044998279e+01
7.423148728044998279e+01
7.423148728044998279e+01
7.423148728044998279e+01
7.423148728044998279e+01
7.423148728044998279e+01
7.423148728044998279e+01
7.423148728044998279e+01
7.423148728044998279e+01
7.423148728044998279e+01
7.423148728044998279e+01
7.423148728044998279e+01
7.423148728044998279e+01
7.423148728044998279e+01
7.423148728044998279e+01
7.611708864890547943e+01
7.611708864890547943e+01
7.611708864890547943e+01
7.611708864890547943e+01
7.611708864890547943e+01
7.611708864890547943e+01
7.611708864890547943e+01
7.611708864890547943e+01
7.611708864890547943e+01
7.611708864890547943e+01
7.520743173885512078e+01
7.520743173885512078e+01
7.396482383413462003e+01
7.418146281485698523e+01
7.418146281485698523e+01
7.418146281485698523e+01
7.418146281485698523e+01
7.498553441017172361e+01
7.404376812668179753e+01
7.404376812668179753e+01
7.404376812668179753e+01
7.404376812668179753e+01
7.389894399201217823e+01
7.420720891120581086e+01
7.421340111055815214e+01
7.383225273017890800e+01
7.409041644138856952e+01
7.539444408146368914e+01
7.539444408146368914e+01
7.539444408146368914e+01
7.539444408146368914e+01
7.343774667075655316e+01
7.343774667075655316e+01
7.343774667075655316e+01
7.343774667075655316e+01
7.344730135380538627e+01
7.344730135380538627e+01
7.344730135380538627e+01
7.344730135380538627e+01
7.344730135380538627e+01
7.344730135380538627e+01
7.434753930150644408e+01
7.434753930150644408e+01
7.434753930150644408e+01
7.434753930150644408e+01
7.434753930150644408e+01
7.434753930150644408e+01
7.292140910796486253e+01
7.292140910796486253e+01
7.292140910796486253e+01
7.292140910796486253e+01
7.292140910796486253e+01
7.292140910796486253e+01
7.642236612532381912e+01
7.642236612532381912e+01
7.642236612532381912e+01
7.505480495039954292e+01
7.505480495039954292e+01
7.076156459051999548e+01
7.076156459051999548e+01
7.076156459051999548e+01
7.076156459051999548e+01
7.030492916281370697e+01
7.030492916281370697e+01
7.030492916281370697e+01
7.030492916281370697e+01
7.030492916281370697e+01
7.030492916281370697e+01
7.030492916281370697e+01
7.030492916281370697e+01
7.030492916281370697e+01
7.030492916281370697e+01
7.030492916281370697e+01
7.030492916281370697e+01
7.030492916281370697e+01
7.030492916281370697e+01
7.045780549918488589e+01
7.045780549918488589e+01
7.045780549918488589e+01
7.045780549918488589e+01
7.045780549918488589e+01
7.045780549918488589e+01
6.999748629910035902e+01
7.063183720498054186e+01
7.063183720498054186e+01
7.063183720498054186e+01
7.063183720498054186e+01
7.063183720498054186e+01
7.551366275229800351e+01
7.551366275229800351e+01
7.182757321302231901e+01
7.182757321302231901e+01
7.182757321302231901e+01
7.529577603480009884e+01
7.529577603480009884e+01
7.529577603480009884e+01
7.529577603480009884e+01
7.241492157849458522e+01
7.241492157849458522e+01
7.241492157849458522e+01
7.115134629490961515e+01
7.115134629490961515e+01
7.115134629490961515e+01
7.115134629490961515e+01
7.104151119536022918e+01
6.854363030882755936e+01
6.854363030882755936e+01
6.854363030882755936e+01
6.854363030882755936e+01
6.854363030882755936e+01
6.854363030882755936e+01
6.854363030882755936e+01
6.854363030882755936e+01
6.854363030882755936e+01
6.976258222275048126e+01
6.976258222275048126e+01
7.047664931478705341e+01
7.047664931478705341e+01
7.047664931478705341e+01
7.047664931478705341e+01
7.047664931478705341e+01
7.047664931478705341e+01
7.047664931478705341e+01
7.047664931478705341e+01
7.054871653447108315e+01
7.054871653447108315e+01
7.054871653447108315e+01
7.373465538190656332e+01
7.260928486016315730e+01
7.049769686849793970e+01
7.049769686849793970e+01
6.837645719334210526e+01
6.837645719334210526e+01
6.837645719334210526e+01
6.837645719334210526e+01
6.806449676697697271e+01
6.736886460400641852e+01
6.736886460400641852e+01
6.736886460400641852e+01
6.736886460400641852e+01
6.736886460400641852e+01
6.736886460400641852e+01
6.736886460400641852e+01
6.736886460400641852e+01
6.736886460400641852e+01
6.765392028610079933e+01
6.897654820100255790e+01
7.248200819013861462e+01
6.632824268335672002e+01
6.632824268335672002e+01
6.632824268335672002e+01
6.632824268335672002e+01
6.632824268335672002e+01
6.756949133167660193e+01
6.707306770442504273e+01
6.707306770442504273e+01
6.707306770442504273e+01
6.707306770442504273e+01
6.711619161376047771e+01
6.711619161376047771e+01
6.711619161376047771e+01
6.711619161376047771e+01
6.711619161376047771e+01
6.711619161376047771e+01
6.711619161376047771e+01
6.711619161376047771e+01
6.711619161376047771e+01
6.711619161376047771e+01
6.711619161376047771e+01
6.711619161376047771e+01
6.711619161376047771e+01
6.711619161376047771e+01
6.711619161376047771e+01
6.711619161376047771e+01
6.711619161376047771e+01
6.711619161376047771e+01
6.756156320871033927e+01
6.756156320871033927e+01
6.756156320871033927e+01
6.756156320871033927e+01
6.625673635343700596e+01
6.625443559292932605e+01
6.729046762141545912e+01
6.729046762141545912e+01
6.729046762141545912e+01
6.729046762141545912e+01
6.729046762141545912e+01
6.729046762141545912e+01
6.729046762141545912e+01
6.729046762141545912e+01
6.729046762141545912e+01
6.729046762141545912e+01
6.729046762141545912e+01
6.729046762141545912e+01
6.729046762141545912e+01
6.729046762141545912e+01
6.729046762141545912e+01
6.729046762141545912e+01
6.729046762141545912e+01
6.729046762141545912e+01
6.729046762141545912e+01
6.755892576100019653e+01
6.755892576100019653e+01
6.755892576100019653e+01
6.755892576100019653e+01
6.903788036538404072e+01
6.903788036538404072e+01
6.903788036538404072e+01
6.903788036538404072e+01
6.903788036538404072e+01
6.903788036538404072e+01
6.903788036538404072e+01
6.903788036538404072e+01
6.987960848894599053e+01
6.833453647077689652e+01
6.833453647077689652e+01
6.758155084934075774e+01
6.758155084934075774e+01
7.282095745318082436e+01
7.282095745318082436e+01
7.282095745318082436e+01
6.824300089431605443e+01
6.824300089431605443e+01
6.730324683826576404e+01
6.730324683826576404e+01
6.730324683826576404e+01
6.718745162332002963e+01
6.596492493185958494e+01
6.596492493185958494e+01
6.596492493185958494e+01
6.596492493185958494e+01
6.596492493185958494e+01
6.596492493185958494e+01
6.596492493185958494e+01
6.596492493185958494e+01
6.508566356026187805e+01
6.508566356026187805e+01
6.508566356026187805e+01
6.508566356026187805e+01
6.508566356026187805e+01
6.508566356026187805e+01
6.508566356026187805e+01
6.508566356026187805e+01
6.508566356026187805e+01
6.540394044485196900e+01
6.540394044485196900e+01
6.540394044485196900e+01
6.470622635157219804e+01
6.426360053841118258e+01
6.426360053841118258e+01
6.426360053841118258e+01
6.426360053841118258e+01
6.892004116848649176e+01
6.309907054794926751e+01
6.309907054794926751e+01
6.222153976614004733e+01
6.277769761189730957e+01
6.277769761189730957e+01
6.277769761189730957e+01
6.277769761189730957e+01
6.277769761189730957e+01
6.277769761189730957e+01
6.277769761189730957e+01
6.277769761189730957e+01
6.277769761189730957e+01
6.277769761189730957e+01
6.277769761189730957e+01
6.277769761189730957e+01
6.277769761189730957e+01
6.277769761189730957e+01
6.277769761189730957e+01
6.277769761189730957e+01
6.277769761189730957e+01
6.277769761189730957e+01
6.277769761189730957e+01
6.277769761189730957e+01
6.277769761189730957e+01
6.277769761189730957e+01
6.277769761189730957e+01
6.277769761189730957e+01
6.378296002106667117e+01
6.378296002106667117e+01
6.378296002106667117e+01
6.351366717965705533e+01
6.351366717965705533e+01
6.351366717965705533e+01
6.351366717965705533e+01
6.351366717965705533e+01
6.351366717965705533e+01
6.351366717965705533e+01
6.351366717965705533e+01
6.351366717965705533e+01
6.351366717965705533e+01
6.351366717965705533e+01
6.351366717965705533e+01
6.351366717965705533e+01
6.351366717965705533e+01
6.351366717965705533e+01
6.351366717965705533e+01
6.351366717965705533e+01
6.351366717965705533e+01
6.617994269942320784e+01
6.493029879814676519e+01
6.493029879814676519e+01
6.493029879814676519e+01
6.493029879814676519e+01
6.786578322832033905e+01
6.269732163276596282e+01
6.269732163276596282e+01
6.269732163276596282e+01
6.269732163276596282e+01
6.269732163276596282e+01
6.269732163276596282e+01
6.269732163276596282e+01
6.196211693314587876e+01
6.258170700047175217e+01
6.258170700047175217e+01
6.258170700047175217e+01
6.152023261909863550e+01
6.011746970972289716e+01
6.011746970972289716e+01
6.089571065169548092e+01
6.089571065169548092e+01
6.089571065169548092e+01
6.089571065169548092e+01
5.940316671041571084e+01
5.940316671041571084e+01
5.940316671041571084e+01
5.882241787369422070e+01
5.969092276896157045e+01
5.969092276896157045e+01
6.080810402434364903e+01
6.080810402434364903e+01
6.080810402434364903e+01
6.080810402434364903e+01
6.080810402434364903e+01
6.080810402434364903e+01
6.080810402434364903e+01
5.992386869639067015e+01
5.992386869639067015e+01
6.035556912029176857e+01
6.035556912029176857e+01
5.992764347902442523e+01
6.144376259924776207e+01
6.262165257342493874e+01
6.262165257342493874e+01
6.262165257342493874e+01
6.224434030711765331e+01
6.180527675436405843e+01
6.180527675436405843e+01
6.180527675436405843e+01
6.201039859490838069e+01
6.201039859490838069e+01
5.909206983847054317e+01
5.909206983847054317e+01
5.909206983847054317e+01
5.884328131685060015e+01
5.884328131685060015e+01
5.884328131685060015e+01
5.884328131685060015e+01
5.884328131685060015e+01
5.884328131685060015e+01
5.884328131685060015e+01
5.881226709245068207e+01
5.881226709245068207e+01
5.881226709245068207e+01
5.881226709245068207e+01
5.881226709245068207e+01
5.786510420333773652e+01
5.786510420333773652e+01
5.786510420333773652e+01
5.786510420333773652e+01
5.786510420333773652e+01
5.716997896098219201e+01
5.716997896098219201e+01
5.716997896098219201e+01
5.716997896098219201e+01
5.716997896098219201e+01
5.716997896098219201e+01
5.536478524739845852e+01
5.536478524739845852e+01
5.536478524739845852e+01
5.536478524739845852e+01
5.536478524739845852e+01
5.715703549474147849e+01
5.715703549474147849e+01
5.715703549474147849e+01
5.715703549474147849e+01
5.715703549474147849e+01
5.715703549474147849e+01
5.715703549474147849e+01
5.715703549474147849e+01
5.715703549474147849e+01
5.991954732102124126e+01
5.991954732102124126e+01
5.991954732102124126e+01
5.991954732102124126e+01
5.991954732102124126e+01
5.991954732102124126e+01
5.991954732102124126e+01
5.903624747441022436e+01
5.887160942421602527e+01
5.938280141776392895e+01
5.938280141776392895e+01
5.938280141776392895e+01
5.938280141776392895e+01
5.938280141776392895e+01
5.938280141776392895e+01
5.818175330341023965e+01
5.588222504818747893e+01
5.632864230994655230e+01
5.632864230994655230e+01
5.632864230994655230e+01
5.632864230994655230e+01
5.632864230994655230e+01
5.656156039505040667e+01
5.656156039505040667e+01
5.656156039505040667e+01
5.656156039505040667e+01
5.625836602784256968e+01
5.625836602784256968e+01
5.625836602784256968e+01
5.437824923845303715e+01
5.437824923845303715e+01
5.201152098640999810e+01
5.201152098640999810e+01
5.201152098640999810e+01
5.115298239732036478e+01
4.972693887580695105e+01
4.972693887580695105e+01
4.972693887580695105e+01
4.674670405753649760e+01
4.674670405753649760e+01
4.642983355093632980e+01
4.642983355093632980e+01
4.642983355093632980e+01
4.919325827760704328e+01
4.919325827760704328e+01
4.919325827760704328e+01
4.964443884341145008e+01
4.964443884341145008e+01
4.696046581542578480e+01
4.696046581542578480e+01
4.696046581542578480e+01
4.696046581542578480e+01
4.565924428812516567e+01
4.565924428812516567e+01
4.503092829442612555e+01
4.360494383775937166e+01
4.360494383775937166e+01
4.360494383775937166e+01
4.360494383775937166e+01
4.256843263781744469e+01
4.256843263781744469e+01
4.444923853903304689e+01
4.444923853903304689e+01
4.492426472343510824e+01
4.492426472343510824e+01
4.492426472343510824e+01
4.642430282332253455e+01
4.642430282332253455e+01
4.520129794641083265e+01
4.520129794641083265e+01
4.520129794641083265e+01
4.520129794641083265e+01
4.520129794641083265e+01
4.611828957638827831e+01
4.611828957638827831e+01
4.611828957638827831e+01
4.611828957638827831e+01
4.423636148211393504e+01
4.423636148211393504e+01
4.446605526627407556e+01
4.646642817677793147e+01
4.535553361522224236e+01
4.535553361522224236e+01
4.535553361522224236e+01
4.525310691411270625e+01
4.525310691411270625e+01
4.525310691411270625e+01
4.636745678105104673e+01
4.636745678105104673e+01
4.636745678105104673e+01
4.392236085959301306e+01
4.392236085959301306e+01
4.392236085959301306e+01
4.392236085959301306e+01
4.392236085959301306e+01
4.392236085959301306e+01
4.392236085959301306e+01
4.446228327882391795e+01
4.446228327882391795e+01
4.691133609684186467e+01
4.691133609684186467e+01
4.691133609684186467e+01
4.761067325650566318e+01
4.363142800169888602e+01
4.330145912957703302e+01
4.330145912957703302e+01
4.196989666306199496e+01
4.196989666306199496e+01
4.196989666306199496e+01
4.196989666306199496e+01
4.196989666306199496e+01
4.180042612839922356e+01
4.153993062781437828e+01
4.153993062781437828e+01
4.149208327154083520e+01
4.149208327154083520e+01
4.149208327154083520e+01
4.149208327154083520e+01
4.149208327154083520e+01
4.149208327154083520e+01
4.149208327154083520e+01
4.149208327154083520e+01
4.149208327154083520e+01
4.149208327154083520e+01
4.149208327154083520e+01
4.149208327154083520e+01
4.149208327154083520e+01
4.149208327154083520e+01
4.149208327154083520e+01
4.184426666483236801e+01
4.045478307937068507e+01
4.045478307937068507e+01
4.045478307937068507e+01
4.045478307937068507e+01
4.045478307937068507e+01
4.045478307937068507e+01
4.471063370746890797e+01
4.091274245450225067e+01
4.091274245450225067e+01
4.083253621828784219e+01
4.285976170877115976e+01
4.285976170877115976e+01
4.285976170877115976e+01
4.285976170877115976e+01
4.285976170877115976e+01
3.907124682335357591e+01
3.907124682335357591e+01
3.907124682335357591e+01
3.907124682335357591e+01
3.882922903160260120e+01
3.882922903160260120e+01
3.920756181061120316e+01
3.920756181061120316e+01
3.920756181061120316e+01
3.920756181061120316e+01
4.007953353460221990e+01
4.007953353460221990e+01
3.915014578993283578e+01
3.915014578993283578e+01
3.915014578993283578e+01
3.915014578993283578e+01
3.820084134117139740e+01
3.820084134117139740e+01
3.820084134117139740e+01
3.697014068695327893e+01
3.697014068695327893e+01
3.697014068695327893e+01
3.697014068695327893e+01
3.697014068695327893e+01
3.697014068695327893e+01
3.697014068695327893e+01
4.017461581298279327e+01
4.017461581298279327e+01
3.703501387907611786e+01
3.703501387907611786e+01
3.833559116187873883e+01
3.833559116187873883e+01
3.833559116187873883e+01
3.519223024111134634e+01
3.543506206087804600e+01
3.543506206087804600e+01
3.543506206087804600e+01
3.543506206087804600e+01
3.543506206087804600e+01
3.543506206087804600e+01
3.543506206087804600e+01
3.738346784671463752e+01
3.738346784671463752e+01
3.738346784671463752e+01
3.738346784671463752e+01
3.738346784671463752e+01
3.738346784671463752e+01
3.795019069196859363e+01
3.795019069196859363e+01
3.795019069196859363e+01
3.795019069196859363e+01
3.795019069196859363e+01
3.588189095166795539e+01
3.588189095166795539e+01
3.588189095166795539e+01
3.588189095166795539e+01
3.705377202594355168e+01
3.705377202594355168e+01
3.681077900463555608e+01
3.930264067053632004e+01
3.638131827987305655e+01
3.777511876305236171e+01
3.777511876305236171e+01
3.777511876305236171e+01
3.777511876305236171e+01
3.839661979030753969e+01
3.839661979030753969e+01
3.789078321939846461e+01
3.718694368331325251e+01
3.718694368331325251e+01
3.718694368331325251e+01
3.718694368331325251e+01
3.718694368331325251e+01
3.718694368331325251e+01
3.718694368331325251e+01
3.718694368331325251e+01
3.418424399303768269e+01
3.418424399303768269e+01
3.684173042998178005e+01
3.317796887727786270e+01
3.317796887727786270e+01
3.317796887727786270e+01
3.344816324761082882e+01
3.344816324761082882e+01
3.344816324761082882e+01
3.344816324761082882e+01
3.235175023611017764e+01
3.348504167007490651e+01
3.348504167007490651e+01
3.348504167007490651e+01
3.262701915015578180e+01
3.262701915015578180e+01
3.262701915015578180e+01
3.262701915015578180e+01
3.262701915015578180e+01
3.366254037176987168e+01
3.416702981814695761e+01
3.416702981814695761e+01
3.256986185358388752e+01
3.256986185358388752e+01
3.256986185358388752e+01
3.402079155603883720e+01
3.402079155603883720e+01
3.402079155603883720e+01
3.402079155603883720e+01
3.402079155603883720e+01
3.094951755190129816e+01
3.094951755190129816e+01
3.056737324207741935e+01
3.056737324207741935e+01
2.942366347455975273e+01
2.942366347455975273e+01
2.942366347455975273e+01
2.942366347455975273e+01
2.942366347455975273e+01
2.942366347455975273e+01
2.942366347455975273e+01
2.836686922359374563e+01
2.836686922359374563e+01
2.836686922359374563e+01
3.396327075605854162e+01
3.396327075605854162e+01
3.365296882232461684e+01
3.016686046138980970e+01
3.016686046138980970e+01
3.016686046138980970e+01
3.016686046138980970e+01
3.016686046138980970e+01
3.016686046138980970e+01
3.016686046138980970e+01
3.016686046138980970e+01
3.016686046138980970e+01
3.016686046138980970e+01
3.016686046138980970e+01
3.139837923428333966e+01
3.139837923428333966e+01
3.139837923428333966e+01
3.210043431087908061e+01
3.290632786646023078e+01
3.290632786646023078e+01
3.290632786646023078e+01
3.290632786646023078e+01
3.290632786646023078e+01
3.020201159120735213e+01
3.020201159120735213e+01
3.020201159120735213e+01
2.851642170966424672e+01
2.851642170966424672e+01
2.851642170966424672e+01
2.636095893733141082e+01
2.636095893733141082e+01
2.636095893733141082e+01
2.636095893733141082e+01
2.649214323061049825e+01
2.649214323061049825e+01
2.492293917403668502e+01
2.492293917403668502e+01
2.492293917403668502e+01
2.527552727513670661e+01
2.527552727513670661e+01
2.527552727513670661e+01
2.527552727513670661e+01
2.527552727513670661e+01
2.527552727513670661e+01
2.527552727513670661e+01
2.813936180377815077e+01
2.813936180377815077e+01
2.813936180377815077e+01
2.813936180377815077e+01
2.813936180377815077e+01
2.813936180377815077e+01
2.741044923510636266e+01
2.741044923510636266e+01
2.910667064034051776e+01
2.910667064034051776e+01
2.931291227615266592e+01
2.777625056062215947e+01
2.777625056062215947e+01
2.690673380003472204e+01
2.690673380003472204e+01
2.690673380003472204e+01
2.690673380003472204e+01
2.690673380003472204e+01
2.690673380003472204e+01
2.626055710523440467e+01
2.598921314053608000e+01
2.598921314053608000e+01
2.598921314053608000e+01
2.598921314053608000e+01
2.633911486564098681e+01
2.567523217356781728e+01
2.567523217356781728e+01
2.282105481978639006e+01
2.282105481978639006e+01
2.282105481978639006e+01
2.380548013183711831e+01
1.999007849087068323e+01
1.999007849087068323e+01
1.999007849087068323e+01
1.999007849087068323e+01
1.999007849087068323e+01
1.999007849087068323e+01
1.999007849087068323e+01
1.999007849087068323e+01
1.978322970190285091e+01
2.007200505644201982e+01
1.863243922012350495e+01
1.863243922012350495e+01
1.863243922012350495e+01
1.863243922012350495e+01
1.863243922012350495e+01
1.863243922012350495e+01
1.863243922012350495e+01
1.863243922012350495e+01
1.863243922012350495e+01
1.805263460598114023e+01
1.805263460598114023e+01
1.762417606602067721e+01
1.762417606602067721e+01
1.635588810622968836e+01
1.635588810622968836e+01
1.635588810622968836e+01
1.635588810622968836e+01
1.633037084058306476e+01
1.734841851031005788e+01
1.734841851031005788e+01
1.767392124645212093e+01
1.767392124645212093e+01
1.767392124645212093e+01
1.767392124645212093e+01
1.781402927997781305e+01
1.781402927997781305e+01
1.803751871090067738e+01
1.911936893438819851e+01
1.911936893438819851e+01
1.911936893438819851e+01
1.767670702373445479e+01
1.767670702373445479e+01
1.923652154518307356e+01
1.923652154518307356e+01
1.923652154518307356e+01
1.923652154518307356e+01
1.807618718197878849e+01
1.841916899883691627e+01
1.841916899883691627e+01
2.139053867181744550e+01
2.139053867181744550e+01
2.139053867181744550e+01
1.537157626398111709e+01
1.537157626398111709e+01
1.561250749533866156e+01
1.582657301471088473e+01
1.618181784203307672e+01
1.618181784203307672e+01
1.618181784203307672e+01
1.618181784203307672e+01
1.618181784203307672e+01
1.618181784203307672e+01
1.618181784203307672e+01
1.684116681957807771e+01
1.684116681957807771e+01
1.709790560577997098e+01
1.709790560577997098e+01
1.709790560577997098e+01
1.827034338193818286e+01
1.827034338193818286e+01
1.816395343113703120e+01
1.816395343113703120e+01
1.816395343113703120e+01
1.816395343113703120e+01
1.596428249305479419e+01
1.853378331154433312e+01
1.602984676804533848e+01
1.602984676804533848e+01
1.602984676804533848e+01
1.624905389187584248e+01
1.414633115385947271e+01
1.429842915579995477e+01
1.488013811200997871e+01
1.449585618384542229e+01
1.410468176551749941e+01
1.410468176551749941e+01
1.410468176551749941e+01
1.406150767840087212e+01
1.640160797007153448e+01
1.640160797007153448e+01
1.640160797007153448e+01
1.640160797007153448e+01
1.547073466133977249e+01
1.547073466133977249e+01
1.602957325532954869e+01
1.602957325532954869e+01
1.601759986877247854e+01
1.601759986877247854e+01
1.601759986877247854e+01
1.601759986877247854e+01
1.544060142215002784e+01
1.544060142215002784e+01
1.544060142215002784e+01
1.293482434628376865e+01
1.293482434628376865e+01
1.293482434628376865e+01
1.293482434628376865e+01
1.293482434628376865e+01
1.293482434628376865e+01
1.293482434628376865e+01
1.411440927369715048e+01
1.349997791959851412e+01
1.349997791959851412e+01
1.321089843211814596e+01
1.321089843211814596e+01
1.563461026940654186e+01
1.415547580356083657e+01
1.415547580356083657e+01
1.415547580356083657e+01
1.415547580356083657e+01
1.302409831565638498e+01
1.302409831565638498e+01
1.302409831565638498e+01
1.302409831565638498e+01
1.282779982151173570e+01
1.282779982151173570e+01
1.501248092349585050e+01
1.501248092349585050e+01
1.501248092349585050e+01
1.501248092349585050e+01
1.501248092349585050e+01
1.122689751796703206e+01
1.122689751796703206e+01
1.068857677681761054e+01
1.068857677681761054e+01
1.068857677681761054e+01
1.068857677681761054e+01
1.001182301656812434e+01
9.508510170697793029e+00
9.358206112680408140e+00
1.500814611629999362e+01
1.500814611629999362e+01
8.987457956646776935e+00
8.987457956646776935e+00
8.118254205019550085e+00
8.118254205019550085e+00
8.118254205019550085e+00
7.609706061101636720e+00
7.609706061101636720e+00
7.609706061101636720e+00
6.898805757080292977e+00
6.898805757080292977e+00
7.346962646995810253e+00
7.346962646995810253e+00
7.346962646995810253e+00
5.200232691544838914e+00
5.200232691544838914e+00
4.960439083414330597e+00
5.356583455872136135e+00
5.356583455872136135e+00
5.356583455872136135e+00
7.043966148459790411e+00
4.101199609537073520e+00
4.098688903514512205e+00
4.098688903514512205e+00
6.176293940644567826e+00
6.176293940644567826e+00
4.420504819592861345e+00
4.420504819592861345e+00
5.554443523121108228e+00
5.554443523121108228e+00
5.554443523121108228e+00
5.554443523121108228e+00
5.371207036557091641e+00
6.240157521109220617e+00
7.356965457397814490e+00
7.356965457397814490e+00
6.327708395724625845e+00
6.327708395724625845e+00
9.358693863374536903e+00
9.358693863374536903e+00
9.358693863374536903e+00
6.660349476360469367e+00
8.307416755167654543e+00
8.307416755167654543e+00
8.307416755167654543e+00
8.307416755167654543e+00
5.760067226183721800e+00
5.760067226183721800e+00
5.760067226183721800e+00
5.760067226183721800e+00
5.760067226183721800e+00
7.894076768661483001e+00
6.079327213532120133e+00
5.583663530616821191e+00
5.583663530616821191e+00
5.583663530616821191e+00
5.002816610815361997e+00
5.447011498166912880e+00
5.447011498166912880e+00
5.447011498166912880e+00
4.907299258120170649e+00
6.491895765806895646e+00
6.491895765806895646e+00
6.491895765806895646e+00
6.120270932014589604e+00
6.120270932014589604e+00
6.120270932014589604e+00
6.120270932014589604e+00
6.120270932014589604e+00
6.120270932014589604e+00
6.120270932014589604e+00
6.120270932014589604e+00
7.218021661276573298e+00
7.218021661276573298e+00
7.218021661276573298e+00
7.218021661276573298e+00
7.218021661276573298e+00
7.218021661276573298e+00
7.218021661276573298e+00
5.592619308207695816e+00
5.592619308207695816e+00
5.592619308207695816e+00
5.592619308207695816e+00
5.592619308207695816e+00
5.592619308207695816e+00
5.592619308207695816e+00
5.592619308207695816e+00
5.592619308207695816e+00
5.592619308207695816e+00
5.592619308207695816e+00
5.592619308207695816e+00
6.132255745841623806e+00
5.980335074503195791e+00
5.980335074503195791e+00
5.221594924354465483e+00
7.396163664457202636e+00
4.735895350282776306e+00
4.735895350282776306e+00
4.735895350282776306e+00
5.881380622970253214e+00
5.460174330956295563e+00
4.757779628493479684e+00
5.018830488452707073e+00
5.018830488452707073e+00
5.018830488452707073e+00
5.018830488452707073e+00
5.018830488452707073e+00
5.327021228080488946e+00
5.793115876280494625e+00
5.793115876280494625e+00
5.793115876280494625e+00
5.793115876280494625e+00
5.793115876280494625e+00
5.222415902455407100e+00
5.222415902455407100e+00
5.222415902455407100e+00
5.222415902455407100e+00
5.222415902455407100e+00
5.222415902455407100e+00
5.756686925600122073e+00
5.756686925600122073e+00
5.756686925600122073e+00
6.310861506484569006e+00
6.310861506484569006e+00
7.256112803133768274e+00
7.256112803133768274e+00
7.256112803133768274e+00
7.256112803133768274e+00
7.256112803133768274e+00
7.256112803133768274e+00
7.659485480186805084e+00
7.659485480186805084e+00
7.659485480186805084e+00
7.659485480186805084e+00
7.659485480186805084e+00
7.659485480186805084e+00
6.984405630564843648e+00
6.984405630564843648e+00
6.984405630564843648e+00
7.847582934986155223e+00
7.847582934986155223e+00
1.271011085307260302e+01
1.189878607461847082e+01
1.189878607461847082e+01
8.801264671825801855e+00
6.270672513132335091e+00
6.679455412504712974e+00
6.679455412504712974e+00
6.679455412504712974e+00
6.679455412504712974e+00
6.679455412504712974e+00
1.070276984491701988e+01
6.343543194907080185e+00
9.688401489424354196e+00
6.519718648157900809e+00
6.519718648157900809e+00
6.519718648157900809e+00
6.519718648157900809e+00
6.519718648157900809e+00
6.339400412829876430e+00
6.339400412829876430e+00
6.469726928423589207e+00
6.113748466451319530e+00
7.668389919016942891e+00
5.805445237872254971e+00
5.805445237872254971e+00
5.621185324108162185e+00
6.695892097461763726e+00
6.695892097461763726e+00
7.009598109551825829e+00
7.009598109551825829e+00
7.009598109551825829e+00
7.009598109551825829e+00
5.470229687819870179e+00
5.470229687819870179e+00
5.470229687819870179e+00
5.470229687819870179e+00
5.470229687819870179e+00
5.470229687819870179e+00
5.470229687819870179e+00
5.946677467157326369e+00
4.630709986780199294e+00
4.630709986780199294e+00
4.630709986780199294e+00
4.630709986780199294e+00
4.630709986780199294e+00
4.630709986780199294e+00
5.125894753318171126e+00
5.125894753318171126e+00
4.338032558436163200e+00
7.161080636616754980e+00
7.161080636616754980e+00
7.161080636616754980e+00
7.161080636616754980e+00
7.161080636616754980e+00
5.295918045980361200e+00
3.713657255128731460e+00
3.907610114424122205e+00
2.952490008677616906e+00
3.046316151448863696e+00
3.203722822982181917e+00
3.262213731277323170e+00
3.484456040715701697e+00
3.405229150858749332e+00
3.405229150858749332e+00
5.059218234575545203e+00
5.059218234575545203e+00
5.059218234575545203e+00
5.059218234575545203e+00
4.506567967725975343e+00
5.226276585912875028e+00
5.226276585912875028e+00
5.226276585912875028e+00
5.433712162997429651e+00
4.857508086272356529e+00
4.857508086272356529e+00
4.857508086272356529e+00
4.857508086272356529e+00
4.857508086272356529e+00
4.857508086272356529e+00
4.857508086272356529e+00
5.313372805864331916e+00
5.313372805864331916e+00
5.313372805864331916e+00
5.933998947560666259e+00
7.253806904373642617e+00
7.253806904373642617e+00
7.253806904373642617e+00
7.253806904373642617e+00
7.253806904373642617e+00
7.253806904373642617e+00
7.253806904373642617e+00
7.253806904373642617e+00
7.127555145394239844e+00
7.127555145394239844e+00
8.674750418933939500e+00
8.674750418933939500e+00
8.674750418933939500e+00
8.674750418933939500e+00
1.087198229609568045e+01
6.107658402877318871e+00
6.107658402877318871e+00
5.404697123807489234e+00
5.404697123807489234e+00
5.404697123807489234e+00
5.404697123807489234e+00
5.404697123807489234e+00
4.620016685587971850e+00
5.649207186073789799e+00
6.057755013169974667e+00
4.456555803528360116e+00
4.624410932982185862e+00
4.624410932982185862e+00
3.571072254845385707e+00
3.740749597951619876e+00
5.712735392774722420e+00
5.712735392774722420e+00
5.712735392774722420e+00
2.790035761829119831e+00
2.790035761829119831e+00
2.790035761829119831e+00
6.412150346982042670e+00
4.507962093100928769e+00
4.507962093100928769e+00
2.864679199819781363e+00
5.825421715012531365e+00
3.155135001559396635e+00
7.747406324577326586e+00
7.747406324577326586e+00
7.747406324577326586e+00
7.608511023202417789e+00
7.608511023202417789e+00
4.401120302491840164e+00
2.996889154950889811e+00
3.753856654441771301e+00
3.753856654441771301e+00
5.389255023392569122e+00
4.364895943432282266e+00
4.364895943432282266e+00
3.558298943935691128e+00
3.558298943935691128e+00
3.558298943935691128e+00
3.558298943935691128e+00
3.558298943935691128e+00
3.376505268433898088e+00
5.103306842453481984e+00
3.662326036623147818e+00
4.753547949449599130e+00
4.753547949449599130e+00
4.753547949449599130e+00
4.753547949449599130e+00
4.753547949449599130e+00
3.033056328229960741e+00
3.033056328229960741e+00
3.329402416154533029e+00
3.037833222131021582e+00
6.198947639097693418e+00
9.652218339394519120e+00
9.652218339394519120e+00
3.051031421939670807e+00
6.101006857543942452e+00
6.101006857543942452e+00
6.101006857543942452e+00
3.284844240357348344e+00
3.132814660911978244e+00
3.132814660911978244e+00
3.132814660911978244e+00
3.132814660911978244e+00
3.132814660911978244e+00
2.670217847970417058e+00
2.670217847970417058e+00
3.090400277742344937e+00
2.629989798470705242e+00
2.629989798470705242e+00
3.466512779665019917e+00
4.132260223530091814e+00
2.788613602353107179e+00
2.788613602353107179e+00
2.741650967430996122e+00
2.741650967430996122e+00
3.531690809862753078e+00
3.531690809862753078e+00
3.531690809862753078e+00
2.898999820895675317e+00
4.628511869101974874e+00
2.607230538950064958e+00
3.519384364447349256e+00
2.515544009927134006e+00
2.515544009927134006e+00
4.593301521287279421e+00
5.415793137471668572e+00
5.415793137471668572e+00
2.707910532689878913e+00
3.604663691251047908e+00
4.150069455392982221e+00
3.678930461012322795e+00
2.686806892268502445e+00
2.686806892268502445e+00
2.686806892268502445e+00
3.057251973139048395e+00
3.057251973139048395e+00
3.139957066580333578e+00
3.139957066580333578e+00
3.027494513922739383e+00
6.031865240375338999e+00
6.031865240375338999e+00
6.031865240375338999e+00
8.376104323228869220e+00
8.376104323228869220e+00
3.042341929856563709e+00
3.042341929856563709e+00
3.335994267849808459e+00
3.335994267849808459e+00
3.335994267849808459e+00
3.335994267849808459e+00
5.788692672302362396e+00
5.586290457819853117e+00
5.586290457819853117e+00
3.785890331806474940e+00
4.171693845420001878e+00
3.618923526419800751e+00
3.618923526419800751e+00
3.618923526419800751e+00
3.618923526419800751e+00
3.487028964707921563e+00
3.487028964707921563e+00
5.260588887315201134e+00
5.260588887315201134e+00
5.260588887315201134e+00
5.260588887315201134e+00
4.813947965272140195e+00
3.398720319216675723e+00
3.398720319216675723e+00
3.398720319216675723e+00
3.398720319216675723e+00
6.311131936030891509e+00
5.350489347656084860e+00
1.211527097766853522e+01
3.492221020153721600e+00
3.492221020153721600e+00
3.492221020153721600e+00
5.987695699456422105e+00
5.987695699456422105e+00
3.692447501399889642e+00
2.949952697854698158e+00
2.949952697854698158e+00
2.949952697854698158e+00
2.949952697854698158e+00
2.949952697854698158e+00
2.949952697854698158e+00
3.656166757381654975e+00
3.656166757381654975e+00
3.656166757381654975e+00
2.989870177273109775e+00
3.255264654593687190e+00
3.255264654593687190e+00
3.255264654593687190e+00
3.255264654593687190e+00
3.255264654593687190e+00
3.255264654593687190e+00
3.255264654593687190e+00
3.024058223687999813e+00
4.262500207082203119e+00
4.262500207082203119e+00
2.851138426872913190e+00
2.851138426872913190e+00
2.851138426872913190e+00
2.851138426872913190e+00
4.114266434041620180e+00
3.942451907246955933e+00
5.800071489048571394e+00
8.600707580249283168e+00
8.600707580249283168e+00
2.788636710271799046e+00
2.858419486358988237e+00
2.858419486358988237e+00
2.904278846404256598e+00
3.304276099840154579e+00
3.304276099840154579e+00
3.783779647693688020e+00
3.783779647693688020e+00
2.758804716654740030e+00
2.972419703160436910e+00
4.845601760416700543e+00
2.719530578533384091e+00
2.719530578533384091e+00
2.719530578533384091e+00
2.719530578533384091e+00
2.554246336102976578e+00
2.524669346810919368e+00
2.524669346810919368e+00
2.524669346810919368e+00
2.524669346810919368e+00
2.524669346810919368e+00
2.524669346810919368e+00
2.524669346810919368e+00
2.906867278110403685e+00
2.906867278110403685e+00
2.578822391833730521e+00
2.578822391833730521e+00
2.578822391833730521e+00
3.246123173380200733e+00
2.901369354647290510e+00
2.901369354647290510e+00
4.289584230279182009e+00
4.289584230279182009e+00
4.289584230279182009e+00
4.289584230279182009e+00
4.289584230279182009e+00
2.833244572582967802e+00
2.833244572582967802e+00
2.585272822135399551e+00
2.836485875215436714e+00
3.173527245808100972e+00
5.805977254516541564e+00
4.104889525073959433e+00
4.104889525073959433e+00
3.824487218051616733e+00
3.000487178747083483e+00
3.000487178747083483e+00
2.855161171710222767e+00
2.855161171710222767e+00
2.695378146077224812e+00
2.660837068773033387e+00
2.660837068773033387e+00
2.660837068773033387e+00
2.660837068773033387e+00
2.660837068773033387e+00
2.660837068773033387e+00
4.139066664297697429e+00
4.139066664297697429e+00
2.537439513381975154e+00
2.841312961873756482e+00
3.183520053602134858e+00
3.183520053602134858e+00
4.200104183441808914e+00
2.555036370964620662e+00
2.555036370964620662e+00
3.713620304439233077e+00
3.010935419869463558e+00
3.010935419869463558e+00
2.878250725914435204e+00
3.244842980714088831e+00
3.244842980714088831e+00
2.715807135402620975e+00
2.715807135402620975e+00
6.077033840391112385e+00
6.077033840391112385e+00
4.275991066487204506e+00
4.275991066487204506e+00
4.275991066487204506e+00
2.663621258070000941e+00
3.360957813090124979e+00
4.767115583399349710e+00
2.475524002821079872e+00
2.475524002821079872e+00
2.475524002821079872e+00
2.475524002821079872e+00
2.475524002821079872e+00
2.475524002821079872e+00
2.475524002821079872e+00
2.475524002821079872e+00
2.475524002821079872e+00
4.253005617611345990e+00
4.253005617611345990e+00
5.935457620766085185e+00
5.935457620766085185e+00
5.532930880182040490e+00
3.798122157037980617e+00
2.651760755357292609e+00
4.431238021225183843e+00
2.673205510745290336e+00
2.673205510745290336e+00
3.327547184490693866e+00
2.920834041459663410e+00
3.929022031152349381e+00
3.929022031152349381e+00
3.929022031152349381e+00
2.779924104949852204e+00
4.172226476352618896e+00
3.273422402526359409e+00
3.310312507982136498e+00
3.310312507982136498e+00
3.742882345598278260e+00
3.742882345598278260e+00
3.742882345598278260e+00
3.742882345598278260e+00
3.742882345598278260e+00
5.270722168761059478e+00
2.949477929762571282e+00
4.267020074764595883e+00
3.630368633426466207e+00
3.630368633426466207e+00
3.630368633426466207e+00
3.669166892686319681e+00
3.074004506939867376e+00
3.074004506939867376e+00
3.074004506939867376e+00
3.074004506939867376e+00
3.074004506939867376e+00
4.571114795120294616e+00
5.170837449443930645e+00
5.170837449443930645e+00
5.447992075864529937e+00
5.153942224016164531e+00
5.153942224016164531e+00
4.212051235345448674e+00
7.106451282027853367e+00
7.106451282027853367e+00
4.271404753771865792e+00
3.450383907157487773e+00
3.450383907157487773e+00
3.450383907157487773e+00
2.991530654395917033e+00
3.080568576397238356e+00
3.080568576397238356e+00
3.080568576397238356e+00
3.046814268770224210e+00
3.046814268770224210e+00
3.046814268770224210e+00
3.046814268770224210e+00
3.976271049343372166e+00
5.063235239656620479e+00
4.632321864010025436e+00
4.632321864010025436e+00
2.807945082755662902e+00
2.807945082755662902e+00
2.807945082755662902e+00
2.807945082755662902e+00
3.860635790397676903e+00
3.860635790397676903e+00
3.363359519816961907e+00
3.858862036655004157e+00
5.073898333723249721e+00
3.023565903386276066e+00
3.173520603660151540e+00
2.862645298030625174e+00
2.862645298030625174e+00
2.862645298030625174e+00
2.862645298030625174e+00
4.307800212611610391e+00
3.002528654919993656e+00
2.988034458756626766e+00
2.988034458756626766e+00
2.899098055861153433e+00
2.899098055861153433e+00
2.899098055861153433e+00
4.371450025694578301e+00
4.571280414026418271e+00
3.355473169452327653e+00
3.355473169452327653e+00
3.100015858625193577e+00
3.100015858625193577e+00
4.348719663539918123e+00
3.587112013503045649e+00
3.587112013503045649e+00
3.587112013503045649e+00
2.887623888653950033e+00
2.887623888653950033e+00
2.921621851955676252e+00
2.921621851955676252e+00
2.919670954524724138e+00
2.919670954524724138e+00
3.298211760375113322e+00
3.607251847269329570e+00
3.209206439988913306e+00
3.209206439988913306e+00
3.209206439988913306e+00
5.215414435222103684e+00
4.520884234208406127e+00
6.293102351111851789e+00
1.161969376250033292e+01
1.161969376250033292e+01
1.018425985540320688e+01
7.796459283143283514e+00
7.248882126386392954e+00
9.310440113073573443e+00
2.792825057228551344e+00
2.792825057228551344e+00
2.626876270926674195e+00
2.626876270926674195e+00
2.626876270926674195e+00
2.626876270926674195e+00
2.626876270926674195e+00
3.225219905438217793e+00
2.650230314229113482e+00
2.650230314229113482e+00
2.650230314229113482e+00
2.631525541795095346e+00
2.631525541795095346e+00
2.701949450450559453e+00
2.701949450450559453e+00
5.924183063811533145e+00
2.878286562261175963e+00
2.878286562261175963e+00
2.878286562261175963e+00
7.817259937590611329e+00
5.105664556953298572e+00
5.105664556953298572e+00
4.785684479099745481e+00
4.785684479099745481e+00
4.785684479099745481e+00
3.213101128076779389e+00
3.213101128076779389e+00
3.213101128076779389e+00
2.702874564068829422e+00
2.702874564068829422e+00
2.702874564068829422e+00
2.702874564068829422e+00
2.702874564068829422e+00
2.775488815505286144e+00
2.644580863640709101e+00
